=================== grind ===================
arm grind cpu 6 frames 8017 swaps {'flush': 0, 'finish': 8017}; round 1 length 68.21 closed_by report span 0.54-66.18 (human_death) frames 4250 excl 313 hitches 0 rawmax 39.8
window                     secs         ms med (range)        pre med (range)        ren med (range)      draws med (range)
before (free, throttled)     10       11.1 (10.8-11.8)          5.9 (5.8-6.2)          5.1 (4.9-5.6)       53.0 (52.0-55.0)
rim, all                     40       17.1 (14.5-20.3)         9.4 (8.6-10.3)         7.6 (5.5-10.3)     113.3 (60.0-171.2)
rim, draws <= 70             14       15.3 (14.5-16.5)          9.1 (8.6-9.8)          6.0 (5.5-6.7)       60.0 (60.0-68.7)
rim, draws >= 150            15       18.8 (18.2-20.3)         9.6 (9.1-10.3)         9.2 (8.8-10.3)    166.3 (153.1-171.2)
ms_p50                 before 11.1 -> rim@<=70 draws 15.3 (+37 %, +4.2 ms); rim all 17.1 (+54 %)
ms_to_first_draw       before 5.9 -> rim@<=70 draws 9.1 (+55 %, +3.2 ms); rim all 9.4 (+59 %)
ms_first_draw_to_swap  before 5.1 -> rim@<=70 draws 6.0 (+18 %, +0.9 ms); rim all 7.6 (+48 %)
text excursion (rim >=150 vs rim <=70 draws): draws 60 -> 166, ren 6.0 -> 9.2 = 30 us per draw call; pre 9.1 -> 9.6
shots: r1-after-tutorial-keys@7.53s, g-12s-free@11.74s, g-18s-approach@17.96s, g-24s-grinding@24.2s, g-34s-grinding@34.46s, g-44s-grinding@44.69s, g-54s-grinding@54.94s, kill-stall@60.15s

per second (round clock; s = second after NEW_ROUND; draws = draw calls/frame; ms = ms_p50; pre = ms_to_first_draw_p50; ren = ms_first_draw_to_swap_p50; rawmax = raw_ms_max incl. screenshot/stall hitches)
  0   20.9    5.3    4.9    0.3    21.2
  1   33.0    5.4    4.9    0.5     6.4
  2   52.6    6.1    5.0    1.0     9.4
  3   53.0    6.2    5.1    0.9    13.7
  4   56.2    6.2    5.1    1.0    17.5
  5   58.8    6.5    5.3    0.9    10.3
  6   56.0    6.6    5.3    1.0     9.1
  7   56.0    6.1    5.1    0.9    15.6
  8   55.0   11.6    6.0    5.5    14.5
  9   55.0   11.5    6.0    5.3    13.9
 10   54.0   11.1    5.9    5.1    13.2
 11   54.0   11.3    5.9    5.1    14.9
 12   53.0   11.8    6.2    5.6    16.4
 13   53.0   11.2    6.0    5.1    13.8
 14   52.0   10.8    5.8    4.9    13.4
 15   52.0   11.1    5.9    5.2    13.7
 16   52.0   11.0    5.9    5.0    13.0
 17   52.0   11.0    5.9    5.0    12.9
 18   52.4   12.6    6.9    5.7    14.3
 19   57.7   15.2    8.8    6.3    26.1
 20   65.0   14.9    8.9    5.6    18.2
 21   77.2   16.2    9.5    6.5    38.4
 22  105.9   17.0    9.6    7.4    20.4
 23  134.0   17.4    9.2    8.3    20.4
 24  160.6   19.9    9.9   10.3    25.5
 25  153.5   20.3   10.3   10.0    23.5
 26  125.0   17.4    9.4    8.0    20.9
 27   95.6   16.6    9.2    7.2    19.0
 28   68.7   15.9    9.5    6.3    18.8
 29   60.0   16.5    9.8    6.7    18.8
 30   60.0   16.1    9.3    6.5    20.2
 31   60.0   15.8    9.5    6.1    20.5
 32   60.0   14.7    8.8    5.8    16.8
 33   60.0   14.6    9.0    5.5    17.6
 34   62.1   15.3    9.3    5.8    18.3
 35   89.6   15.6    9.0    6.5    19.0
 36  120.8   17.3    9.5    7.7    23.2
 37  148.7   19.4    9.9    9.5    22.8
 38  171.2   19.9   10.0   10.0    23.4
 39  171.1   18.7    9.4    9.3    22.4
 40  166.5   18.8    9.5    9.1    22.2
 41  166.2   18.4    9.5    9.2    21.3
 42  167.0   19.5    9.8    9.6    27.0
 43  167.7   18.5    9.1    9.2    22.1
 44  167.6   18.9    9.6    9.1    26.4
 45  166.3   18.5    9.7    9.1    26.4
 46  165.9   19.7    9.7    9.9    26.9
 47  165.6   18.8    9.4    9.2    21.5
 48  166.2   18.6    9.3    9.1    22.6
 49  167.5   18.9    9.7    9.3    39.8
 50  153.1   18.2    9.2    8.8    21.0
 51  127.2   17.4    9.2    8.2    22.1
 52   99.4   16.9    9.4    7.3    22.7
 53   72.0   15.3    8.9    6.2    18.2
 54   60.0   15.1    9.1    5.9    17.7
 55   60.0   15.3    9.1    6.1    17.3
 56   60.0   14.5    8.6    5.7    18.3
 57   60.0   14.6    8.9    5.6    17.5
 58   60.0   15.6    9.3    6.3    19.6
 59   60.0   15.8    9.2    6.4    20.5
 60   60.0   18.1    9.3    6.7    19.0
 61    0.0      -      -      -     0.0
 62    0.0      -      -      -     0.0
 63    0.0      -      -      -     0.0
 64    0.0      -      -      -     0.0
 65    0.0      -      -      -     0.0
 66   46.0    9.0    5.3    3.6    18.5
 67   31.2    7.8    5.4    2.2    13.4
 68   26.0    6.8    5.4    1.6     9.6

=================== grind-nosound ===================
arm grind-nosound cpu 6 frames 8202 swaps {'flush': 0, 'finish': 8202}; round 1 length 68.15 closed_by report span 0.54-66.12 (human_death) frames 4404 excl 325 hitches 0 rawmax 30.6
window                     secs         ms med (range)        pre med (range)        ren med (range)      draws med (range)
before (free, throttled)     10       11.3 (10.2-12.3)          5.8 (5.6-6.1)          5.4 (4.6-6.3)       53.0 (52.0-55.0)
rim, all                     40       16.2 (12.1-20.7)          8.6 (7.4-9.9)         7.9 (4.5-10.3)     147.1 (60.0-184.4)
rim, draws <= 70              9       14.3 (12.1-15.7)          8.6 (7.4-9.2)          5.6 (4.5-6.3)       60.0 (60.0-67.0)
rim, draws >= 150            20       16.9 (15.9-20.7)          8.4 (7.9-9.9)         8.2 (7.9-10.3)    180.4 (150.8-184.4)
ms_p50                 before 11.3 -> rim@<=70 draws 14.3 (+26 %, +3.0 ms); rim all 16.2 (+43 %)
ms_to_first_draw       before 5.8 -> rim@<=70 draws 8.6 (+47 %, +2.8 ms); rim all 8.6 (+47 %)
ms_first_draw_to_swap  before 5.4 -> rim@<=70 draws 5.6 (+4 %, +0.2 ms); rim all 7.9 (+46 %)
text excursion (rim >=150 vs rim <=70 draws): draws 60 -> 180, ren 5.6 -> 8.2 = 22 us per draw call; pre 8.6 -> 8.4
shots: r1-after-tutorial-keys@7.53s, g-12s-free@11.73s, g-18s-approach@17.94s, g-24s-grinding@24.17s, g-34s-grinding@34.41s, g-44s-grinding@44.64s, g-54s-grinding@54.88s, kill-stall@60.11s

per second (round clock; s = second after NEW_ROUND; draws = draw calls/frame; ms = ms_p50; pre = ms_to_first_draw_p50; ren = ms_first_draw_to_swap_p50; rawmax = raw_ms_max incl. screenshot/stall hitches)
  0   20.7    5.3    4.9    0.2    22.7
  1   33.0    5.5    4.9    0.5     7.3
  2   52.6    6.2    5.1    1.0     9.8
  3   53.0    6.4    5.1    1.1     8.0
  4   56.1    6.9    5.4    1.5    13.1
  5   58.9    6.3    5.2    1.1    10.4
  6   56.0    6.2    5.1    1.0     8.3
  7   56.0    6.4    5.2    1.1    16.6
  8   55.0   12.3    6.1    6.3    17.7
  9   55.0   11.5    5.9    5.6    14.6
 10   54.0   11.9    6.1    5.7    14.1
 11   54.0   11.7    6.0    5.7    13.8
 12   53.0   10.6    5.7    4.9    14.1
 13   53.0   12.1    6.1    6.1    15.3
 14   52.0   11.2    5.8    5.2    16.2
 15   52.0   10.2    5.6    4.6    12.2
 16   52.0   10.5    5.7    4.7    13.1
 17   52.0   10.4    5.7    4.7    13.6
 18   52.4   13.0    6.7    6.2    18.5
 19   58.7   13.8    8.0    5.4    20.4
 20   67.0   13.8    8.3    5.2    16.2
 21   79.9   13.9    8.4    5.7    17.4
 22  113.0   15.3    8.8    6.5    19.7
 23  143.3   15.4    8.2    7.1    19.0
 24  175.2   17.7    8.9    8.7    21.3
 25  174.2   20.7    9.9   10.3    27.6
 26  141.4   18.5    9.4    8.8    22.0
 27  108.0   16.5    9.2    7.5    21.2
 28   76.3   15.2    8.9    6.4    17.2
 29   60.1   14.4    8.6    5.7    30.6
 30   60.0   15.3    9.1    6.1    17.9
 31   60.0   15.7    9.2    6.3    18.9
 32   60.0   15.1    9.0    5.8    19.2
 33   60.0   14.3    8.9    5.3    17.5
 34   61.5   14.2    8.5    5.6    17.7
 35   78.2   15.0    8.7    6.0    16.6
 36  111.0   16.1    8.9    7.2    18.5
 37  140.6   18.5    9.7    8.7    21.4
 38  166.9   19.2    9.3    9.6    23.8
 39  176.4   18.3    8.9    9.5    22.5
 40  172.2   17.2    8.7    8.3    19.4
 41  173.0   16.4    8.3    8.0    19.2
 42  177.1   16.3    8.2    8.0    21.5
 43  179.9   18.4    9.0    9.2    25.4
 44  180.4   15.9    7.9    7.9    22.0
 45  181.5   16.6    8.4    8.2    20.4
 46  181.7   16.3    8.2    8.0    22.3
 47  183.3   16.2    8.2    7.9    25.0
 48  184.4   16.9    8.4    8.7    20.2
 49  182.8   17.1    8.6    8.6    19.4
 50  181.2   16.5    8.3    8.2    19.2
 51  180.4   17.0    8.4    8.6    20.3
 52  180.7   16.0    8.2    7.9    19.1
 53  182.3   16.4    8.1    8.0    20.6
 54  182.3   17.7    8.8    8.8    20.7
 55  150.8   16.8    8.8    7.9    22.1
 56  124.5   15.1    8.1    6.9    19.4
 57   94.0   14.1    8.1    6.0    17.3
 58   65.6   12.3    7.6    4.6    15.3
 59   60.0   12.1    7.4    4.5    15.0
 60   60.0   12.2    7.2    5.0    13.8
 61    0.0      -      -      -     0.0
 62    0.0      -      -      -     0.0
 63    0.0      -      -      -     0.0
 64    0.0      -      -      -     0.0
 65    0.0      -      -      -     0.0
 66   46.0    8.4    5.1    3.2    12.4
 67   26.1    7.1    5.4    1.6    28.5
 68   26.0    6.4    5.1    1.3     8.9

=================== grind-r2 ===================
arm grind-r2 cpu 6 frames 8433 swaps {'flush': 0, 'finish': 8433}; round 1 length 68.16 closed_by report span 0.53-66.13 (human_death) frames 4621 excl 336 hitches 0 rawmax 39.3
window                     secs         ms med (range)        pre med (range)        ren med (range)      draws med (range)
before (free, throttled)     10       11.4 (11.0-11.9)          6.0 (5.9-6.2)          5.2 (5.0-5.7)       53.0 (52.0-55.0)
rim, all                     40       14.0 (12.8-18.3)         8.5 (8.0-10.0)          5.5 (4.7-8.9)      60.0 (60.0-173.6)
rim, draws <= 70             31       13.7 (12.8-17.3)         8.4 (8.0-10.0)          5.3 (4.7-7.5)       60.0 (60.0-68.1)
rim, draws >= 150             2       17.9 (17.7-18.2)          9.2 (9.0-9.3)          8.8 (8.7-8.9)    172.4 (171.3-173.6)
ms_p50                 before 11.4 -> rim@<=70 draws 13.7 (+20 %, +2.3 ms); rim all 14.0 (+23 %)
ms_to_first_draw       before 6.0 -> rim@<=70 draws 8.4 (+41 %, +2.5 ms); rim all 8.5 (+43 %)
ms_first_draw_to_swap  before 5.2 -> rim@<=70 draws 5.3 (+1 %, +0.0 ms); rim all 5.5 (+4 %)
text excursion (rim >=150 vs rim <=70 draws): draws 60 -> 172, ren 5.3 -> 8.8 = 31 us per draw call; pre 8.4 -> 9.2
shots: r1-after-tutorial-keys@7.51s, g-12s-free@11.72s, g-18s-approach@17.93s, g-24s-grinding@24.16s, g-34s-grinding@34.4s, g-44s-grinding@44.64s, g-54s-grinding@54.86s, kill-stall@60.12s

per second (round clock; s = second after NEW_ROUND; draws = draw calls/frame; ms = ms_p50; pre = ms_to_first_draw_p50; ren = ms_first_draw_to_swap_p50; rawmax = raw_ms_max incl. screenshot/stall hitches)
  0   20.8    5.2    4.9    0.2    21.1
  1   33.0    5.5    4.9    0.6     6.4
  2   52.8    6.1    5.0    1.1     7.7
  3   53.0    6.1    5.0    1.1     9.3
  4   56.1    6.4    5.2    1.2    11.3
  5   58.9    6.3    5.1    1.2    10.2
  6   56.0    6.2    5.1    1.1     7.8
  7   56.0    6.0    4.9    1.0    14.2
  8   55.0   11.4    5.9    5.2    16.8
  9   55.0   11.5    6.0    5.4    14.4
 10   54.0   11.4    5.9    5.3    14.6
 11   54.0   11.2    5.9    5.2    13.2
 12   53.0   11.9    6.2    5.5    16.1
 13   53.0   11.0    5.9    5.1    13.3
 14   52.0   11.1    5.9    5.0    13.5
 15   52.0   11.3    6.0    5.1    13.1
 16   52.0   11.7    6.0    5.7    14.7
 17   52.0   11.4    6.0    5.4    14.5
 18   52.4   12.9    7.1    5.9    16.0
 19   60.1   13.3    8.0    5.2    19.6
 20   85.9   14.5    8.5    5.6    18.2
 21  102.0   14.9    8.5    6.5    28.9
 22  102.0   16.2    8.9    7.2    18.4
 23   98.3   15.3    8.7    6.3    17.3
 24   68.1   13.5    8.3    5.1    16.3
 25   60.0   13.2    8.1    5.1    15.4
 26   60.0   13.7    8.3    5.4    15.8
 27   60.0   13.5    8.3    5.3    19.7
 28   60.0   13.4    8.4    5.3    16.1
 29   60.0   13.4    8.2    5.0    16.1
 30   60.0   13.8    8.5    5.2    17.4
 31   60.0   14.0    8.5    5.6    17.2
 32   60.0   12.8    8.0    4.9    15.3
 33   60.0   12.9    8.0    4.8    17.5
 34   60.0   13.0    8.0    5.0    16.5
 35   60.0   13.7    8.6    5.0    18.2
 36   60.0   12.9    8.0    4.7    15.0
 37   60.0   13.6    8.4    4.9    17.4
 38   60.0   13.4    8.1    5.0    16.0
 39   60.0   13.8    8.3    5.5    16.1
 40   60.0   13.7    8.5    5.3    18.5
 41   60.0   13.3    8.1    5.1    18.0
 42   60.0   13.2    8.2    4.9    16.6
 43   60.0   13.6    8.4    5.2    17.2
 44   60.0   14.2    8.4    5.5    39.3
 45   60.0   14.1    8.6    5.4    17.6
 46   60.0   14.0    8.5    5.3    19.3
 47   60.0   14.9    9.1    5.8    17.5
 48   60.0   15.5    9.3    6.0    18.6
 49   60.0   15.9    9.3    6.3    21.2
 50   60.0   15.5    9.4    6.3    19.0
 51   60.0   16.6    9.7    6.9    22.8
 52   60.0   16.5    9.7    7.0    21.8
 53   60.0   16.5    9.6    6.9    19.8
 54   64.0   17.3   10.0    7.5    22.5
 55   96.9   16.5    9.3    7.3    20.5
 56  121.0   17.6    9.6    7.8    20.2
 57  149.3   18.3    9.6    8.7    23.0
 58  171.3   17.7    9.0    8.7    21.2
 59  173.6   18.2    9.3    8.9    22.0
 60  172.0      -      -      -    17.6
 61    0.0      -      -      -     0.0
 62    0.0      -      -      -     0.0
 63    0.0      -      -      -     0.0
 64    0.0      -      -      -     0.0
 65    0.0      -      -      -     0.0
 66   26.0    7.0    5.1    1.6    16.4
 67   26.0    6.9    5.3    1.6     9.4
 68   26.0    6.6    5.1    1.6     9.1

