round 1 (the two key presses sent, throttle switched on) is not measured and is not listed; early/late = first/last 5 s of the round; ms are frame COSTS at MAX_FPS 1000.
arm            rd len_s early_ms late_ms ratio_ms early_draws late_draws ratio_draws late_kb hitches>50ms cpu gate   
base            2  61.0    23.70   32.30     1.36        70.7      174.9        2.47   201.8           19   6 VALID  
base            3  60.8    22.80   28.60     1.25        66.5      135.7        2.04   186.1            9   6 VALID  
                 round 2 per-second ms_p50:        [7.2, 23.2, 24.4, 25, 30.7, 27.3, 27.3, 27.1, 25.6, 24.9, 26.4, 26, 24.7, 24.5, 27, 29.9, 29, 28.4, 26.1, 26, 26.3, 25.9, 25.6, 25.5, 26.7, 24.6, 26.4, 26.2, 26.5, 26.3, 24.9, 25, 25.5, 27.1, 25.2, 25.9, 25.3, 25.4, 25.1, 25.1, 24.8, 24.9, 24.8, 25.4, 27.1, 34.2, 34.8, 37.6, 39.1, 38.5, 37.4, 37.4, 37.9, 38.9, 37.8, 36.5, 34.6, 33.3, 32, 31.1, 28.8]
                 round 2 per-second draws/frame:   [28.88, 74.95, 93.12, 94, 118.33, 121.89, 117, 117, 114.46, 114, 111.55, 111, 108.53, 108, 107.19, 107, 107, 107, 107, 107, 107, 107, 107, 107, 107, 107, 107, 107, 107, 107, 107, 107, 107, 107, 107, 107, 107, 107, 107, 107, 107, 107, 107, 107, 107, 114.04, 158, 211.08, 261.92, 308.04, 313.4, 308.92, 312.62, 312.17, 313.54, 305.31, 260.59, 210.38, 164, 122.37, 119.52]
                 round 2 per-second raw_ms_max (screenshot hitches stay visible here, excluded from every statistic): [24.4, 26.9, 28.5, 29.1, 34.9, 36.7, 29.4, 31.5, 30.9, 29.1, 43.5, 30.9, 29.2, 27.8, 30.6, 37.8, 32.6, 38.2, 29.5, 29.4, 38.8, 29.4, 29.7, 29.7, 34.9, 29.5, 28.5, 31.3, 28.9, 31.2, 30.2, 27.3, 28.9, 30.1, 31.9, 30.3, 28.3, 28.5, 28.6, 28.2, 28.4, 28, 27.7, 29, 51.3, 105.1, 61.5, 71.4, 52.7, 62.4, 54.1, 49.8, 51.5, 60.9, 48.6, 54.7, 46.4, 48.3, 60, 49.9, 45.1]
                 round 2 screenshots excluded: r2-06s at 6.11 s (187.8 ms), r2-30s at 30.32 s (175.2 ms), r2-50s at 50.51 s (242.8 ms)
                 round 3 per-second ms_p50:        [7.3, 21.8, 24.3, 24.5, 27.1, 28.4, 26.1, 26.9, 26.6, 26.6, 26.7, 28.6, 29.7, 27.2, 26.6, 27.3, 25.4, 25.4, 24.3, 24.7, 24.5, 26.4, 26.7, 26.5, 27.3, 27, 26.2, 24.8, 25.4, 24.6, 25.6, 25.3, 26.2, 24.5, 26.5, 24.9, 24.5, 24.4, 24.7, 26.3, 26.9, 26.1, 25.4, 25.2, 25.3, 34.6, 32.7, 28.5, 29.5, 30.6, 28.8, 31, 30.9, 31.1, 28.5, 28.1, 26, 26.3, 29.5, 32.6, 34.1]
                 round 3 per-second draws/frame:   [25.32, 70.98, 88.55, 89, 113.14, 116.8, 111, 111, 110.08, 110, 109.08, 109, 108.09, 108, 107.11, 107, 107, 107, 107, 107, 107, 107, 107, 107, 107, 107, 107, 107, 107, 107, 107, 107, 107, 107, 107, 107, 107, 107, 107, 107, 107, 107, 107, 107, 107, 109.14, 108.03, 109.12, 110.88, 111, 111, 111, 111, 111, 111, 111, 112.58, 115, 117.38, 158.37, 210.41]
                 round 3 per-second raw_ms_max (screenshot hitches stay visible here, excluded from every statistic): [24.4, 24.2, 29.1, 28.4, 31, 33.1, 29.6, 32.5, 36.5, 28, 32.1, 34.9, 38.2, 31.5, 44.3, 31.8, 29.5, 30, 28.3, 27.1, 33.2, 32.1, 30.8, 32.9, 29.4, 30.7, 30.1, 27.4, 28.7, 27.7, 30.9, 31.8, 31, 28.7, 31.4, 29.4, 27.2, 27.5, 28.5, 29.8, 31, 29.8, 28, 31, 28, 78.3, 69, 52.5, 45, 65.3, 38.5, 43.6, 39.7, 46.2, 35.5, 42.9, 35.6, 40.8, 77.1, 41.9, 51.3]
                 round 3 screenshots excluded: r3-06s at 6.1 s (215.4 ms), r3-30s at 30.33 s (156.2 ms), r3-50s at 50.49 s (207.8 ms)
                 round 1 first-second draws/frame (idle tutorial arena, the floor check-arm.mjs is calibrated from): 36.99
                 VALID: 2 rounds at cpu 6x; late ms p50 32.3/28.6; late draws/frame 174.93/135.67 (floor 36.99); late shots r2-50s / r3-30s,r3-50s
key-delivery   (no [PERF] line)
negative-no-keys  2  60.9    21.80   26.50     1.22        71.3      116.5        1.63   179.2            6   6 INVALID
negative-no-keys  3  60.9    22.10   25.80     1.17        65.9      116.4        1.77   177.8            5   6 INVALID
                 round 2 per-second ms_p50:        [6.8, 22.1, 23.2, 22, 26.4, 25.6, 25.6, 25.1, 26.5, 26.2, 24.5, 24.7, 24.6, 24.4, 23.7, 25.3, 23.4, 24, 24, 24.5, 24.4, 24.8, 25.7, 26.6, 27, 25.9, 26, 25.3, 23.6, 25.3, 25.8, 29.1, 28.9, 24.9, 23.3, 25.4, 24.7, 25.1, 24.6, 27.7, 26, 25.4, 23.5, 25.6, 26.9, 31.1, 33.4, 29.9, 28.9, 34.1, 37.7, 29.5, 30, 27.6, 27.5, 29, 24.9, 24.6, 26.4, 29.4, 28.7]
                 round 2 per-second draws/frame:   [29.26, 74.98, 93.6, 94, 117.53, 121.77, 117.06, 117, 114.39, 114, 111.37, 111, 108.44, 108, 107.14, 107, 107, 107, 107, 107, 107, 107, 107, 107, 107, 107, 107, 107, 107, 107, 107, 107, 107, 107, 107, 107, 107, 107, 107, 107, 107, 107, 107, 107, 107, 108.86, 108, 109, 109, 109, 109.17, 110.88, 111, 111, 111, 111, 113.56, 115, 116.86, 118.65, 119.7]
                 round 2 per-second raw_ms_max (screenshot hitches stay visible here, excluded from every statistic): [25, 27, 27.3, 25.1, 33.2, 29.6, 38, 28.9, 29.9, 32.6, 30.6, 27.2, 44.1, 27.1, 29.2, 30.4, 25.7, 26.7, 28, 27.6, 27.2, 29.5, 28.9, 31.9, 32.1, 30.4, 29.2, 30.8, 27, 28.8, 28.6, 33.6, 34.1, 27.7, 25.5, 30.1, 28.9, 29.8, 29.3, 35.2, 33.7, 28.4, 28.5, 28.6, 29.7, 106, 56.6, 43.1, 50.1, 47.8, 46.6, 50.4, 46.7, 39.8, 37.8, 41.2, 34.4, 39.2, 47.7, 44.6, 46.8]
                 round 2 screenshots excluded: r2-06s at 6.12 s (198.2 ms), r2-30s at 30.33 s (174.8 ms), r2-50s at 50.51 s (224.5 ms)
                 round 3 per-second ms_p50:        [6.8, 21.8, 24.2, 23.6, 26, 24.6, 23, 24, 23.8, 24.4, 25.5, 25.7, 25.5, 25, 24.2, 23.8, 23.1, 23, 23.6, 23.6, 23.5, 23.1, 23.7, 23.8, 23.8, 24, 23.8, 23.7, 23.8, 25.2, 25.1, 24.9, 23.5, 23.1, 24.7, 26.4, 26.1, 25.5, 26.5, 24.8, 24.7, 23.4, 23.4, 23.9, 24, 27.9, 28.5, 28.8, 29, 30.4, 27.7, 27.7, 28.8, 28.1, 30.2, 26.2, 24.4, 24, 24.8, 27, 27.9]
                 round 3 per-second draws/frame:   [25.19, 70.98, 88.56, 89, 112.89, 116.77, 111, 111, 110.05, 110, 109.08, 109, 108.1, 108, 107.12, 107, 107, 107, 107, 107, 107, 107, 107, 107, 107, 107, 107, 107, 107, 107, 107, 107, 107, 107, 107, 107, 107, 107, 107, 107, 107, 107, 107, 107, 107, 109.17, 108.12, 110.03, 111, 111, 111, 111, 111, 111, 111, 111.61, 113, 114.38, 117.51, 119.03, 119.45]
                 round 3 per-second raw_ms_max (screenshot hitches stay visible here, excluded from every statistic): [23.6, 25.3, 28.4, 27.5, 31.4, 30.4, 27.7, 27, 27.3, 29.4, 29.6, 30.9, 29.5, 45.5, 26.9, 26.1, 26.1, 26, 28.2, 26.9, 27, 27.2, 30.9, 26.1, 26.7, 26.5, 27, 26.7, 26.9, 29.2, 28.1, 28.5, 26.4, 26.1, 29.4, 30.4, 31.6, 31.2, 29.3, 29.7, 27.8, 26, 25.3, 43.3, 29.2, 72, 41.7, 45.4, 34.3, 52, 33.3, 42.3, 35.9, 41.8, 41.8, 42.2, 35.2, 35.9, 52.9, 50.3, 53.3]
                 round 3 screenshots excluded: r3-06s at 6.06 s (155.9 ms), r3-30s at 30.23 s (182.2 ms), r3-50s at 50.42 s (196.5 ms)
                 round 1 first-second draws/frame (idle tutorial arena, the floor check-arm.mjs is calibrated from): 37.07
                 INVALID: only 0 tutorial key presses logged (need Right and Left); round 3: no screenshot from its second half on disk
