round 1 (the two key presses sent, throttle switched on) is not measured and is not listed. early = 5 s from the first world frame after NEW_ROUND; late = 5 s before the human's death (ROUND_WINNER if none). ms are frame COSTS at MAX_FPS 1000; cpu = CDP throttle rate.
arm            rd len_s early_ms late_ms ratio_ms early_draws late_draws ratio_draws late_kb hitches>50ms cpu gate   
base-r1         2  60.9    22.80   33.10     1.45        95.4      355.7        3.73   274.0           23   6 VALID  
base-r1         3  60.9    21.30   24.50     1.15        89.6      112.7        1.26   181.7            7   6 VALID  
                 swaps: finish 11576, flush 0 (which of glFinish/glFlush ended the 11576 sampled frames); human: web_user
                 round 2 measured 0.54 s -> 59.12 s (ends at human_death; human death at 59.12 s); pre-round overlay-only frames skipped: 66 at 15.21 draws/frame, 7 ms p50, split at 45 draws
                 round 2 frame split p50 (in swap / to first draw / first draw to swap) ms: early 0 / 6 / 16.7; late 0 / 10.1 / 22.4; in-swap p90/max early 0.1/1.3, late 0.1/1.3
                 round 2 per-second ms_p50:        [7.5, 22.3, 22.6, 22.2, 24.6, 25.1, 24.7, 25, 25, 26.7, 26.2, 24.4, 24.7, 26.2, 24.4, 24.9, 24.4, 24.3, 24.8, 24.8, 24.5, 24, 24.1, 24.2, 26.7, 24.6, 24, 25.6, 25, 23.9, 24, 24.5, 25.9, 25.9, 24.2, 24.1, 25, 24.5, 24, 25.5, 25.5, 24.7, 24.8, 24, 25.4, 31.4, 33.5, 37.2, 40.7, 43, 43, 41.1, 39, 40.5, 40.3, 39.1, 32.6, 29.5, 27.9, 32.6, 35.1]
                 round 2 per-second draws/frame:   [29.91, 74.98, 93.61, 94, 117.68, 121.97, 117, 117, 114.32, 114, 111.39, 111, 108.44, 108, 107.15, 107, 107, 107, 107, 107, 107, 107, 107, 107, 107, 107, 107, 107, 107, 107, 107, 107, 107, 107, 107, 107, 107, 107, 107, 107, 107, 107, 107, 107, 107, 122, 215, 321, 422.83, 503.29, 497.91, 476.64, 478.2, 482.83, 490.83, 480.6, 395.8, 296.21, 208.38, 209.97, 312.25]
                 round 2 per-second ms to first draw p50 (yield + input + simulation): [5.7, 6.1, 5.5, 5.6, 7.2, 7.2, 7.6, 7.5, 7.3, 7.6, 7.6, 7.5, 7.6, 7.7, 7.6, 7.7, 7.5, 7.5, 7.5, 7.4, 7.5, 7.3, 7.5, 7.3, 7.8, 7.5, 7.3, 7.6, 7.3, 7.6, 7.2, 7.3, 7.7, 7.5, 7.3, 7.3, 7.5, 7.5, 7.2, 7.4, 7.6, 7.5, 7.4, 7.1, 7.5, 13.6, 13.7, 14.8, 15, 15.6, 14.7, 13.9, 12.9, 14, 13.5, 13.4, 9.3, 8.8, 9.2, 13.9, 13.3]
                 round 2 per-second ms first draw to swap p50 (render submission):    [1.6, 16.2, 16.7, 16.5, 17.6, 18, 17.3, 17.5, 17.7, 18.4, 18.6, 16.7, 16.7, 18.5, 17, 17.2, 16.9, 16.7, 17.2, 17.3, 16.9, 16.7, 16.8, 16.6, 18.8, 17.1, 16.4, 17.7, 17.7, 16.4, 16.8, 17.1, 18.2, 18.3, 17.1, 16.7, 17.5, 16.9, 16.8, 18.2, 18, 17.2, 17.1, 16.6, 17.9, 18.4, 19.8, 22, 25.3, 27.5, 27.6, 27.3, 25.9, 26.1, 26.4, 25.4, 23.2, 20.4, 18.4, 17.5, 21]
                 round 2 per-second raw_ms_max (screenshot hitches stay visible here, excluded from every statistic): [24.2, 26.1, 25, 24.6, 27.7, 29.9, 30.4, 42.5, 31.6, 30.6, 31.9, 27, 28.3, 33.2, 27.8, 28.1, 28.6, 28.4, 27.7, 29.5, 27.9, 27.6, 27.1, 27.2, 35.3, 30.1, 27.2, 30.4, 27.4, 26.9, 31.7, 28.4, 30.7, 32.1, 28.5, 26.5, 28.4, 27, 28.2, 30.1, 43, 28.9, 28.1, 27.6, 30, 99.6, 61.6, 78.4, 51.1, 68.8, 59, 61.3, 49.3, 51.6, 49.5, 53, 47.2, 43.8, 69.6, 50.5, 46.2]
                 round 2 screenshots excluded: r2-06s at 6.03 s (160.3 ms), r2-30s at 30.2 s (202.8 ms), r2-50s at 50.42 s (182 ms)
                 round 3 measured 0.53 s -> 59.11 s (ends at human_death; human death at 59.11 s); pre-round overlay-only frames skipped: 81 at 11.06 draws/frame, 6 ms p50, split at 41 draws
                 round 3 frame split p50 (in swap / to first draw / first draw to swap) ms: early 0 / 5.6 / 15.5; late 0 / 8.1 / 15.9; in-swap p90/max early 0.1/0.8, late 0.1/1.1
                 round 3 per-second ms_p50:        [6.2, 19.7, 20.7, 22.2, 24.6, 24.3, 22.1, 21.6, 24.6, 23.9, 23.5, 26.2, 22.6, 23.5, 22.8, 24.5, 23.1, 24.1, 22.2, 21, 22.2, 22.1, 22.5, 22.5, 23.5, 22.2, 22.3, 23.3, 23.3, 23.9, 22.9, 21.6, 24.1, 23.1, 23, 23.4, 22.8, 21.8, 22.3, 24.1, 26.5, 23.7, 24.6, 24.1, 23.4, 27.6, 28.3, 31.2, 32.3, 28.9, 26.2, 28.6, 27.7, 26.6, 26.6, 25.6, 23, 23.2, 24.2, 27.1, 28.1]
                 round 3 per-second draws/frame:   [24.96, 70.98, 88.63, 89, 112.85, 116.41, 111, 111, 110.1, 110, 109.1, 109, 108.11, 108, 107.12, 107, 107, 107, 107, 107, 107, 107, 107, 107, 107, 107, 107, 107, 107, 107, 107, 107, 107, 107, 107, 107, 107, 107, 107, 107, 107, 107, 107, 107, 107, 109.29, 107, 107, 107.27, 110.76, 111, 111, 111, 111, 111, 111, 112.38, 113, 114.76, 116.53, 117.63]
                 round 3 per-second ms to first draw p50 (yield + input + simulation): [4.9, 5.4, 5.4, 5.6, 7.2, 7.2, 6.7, 6.7, 7.4, 7.1, 7.3, 7.8, 7.3, 7.1, 6.9, 7.3, 7.2, 6.9, 7, 6.7, 6.9, 6.9, 7, 6.9, 7.2, 6.8, 7, 7.2, 7.1, 7.1, 7.2, 6.7, 7.3, 7.1, 6.9, 7, 6.9, 6.7, 6.9, 7.3, 7.6, 7.2, 7.1, 7.1, 7.2, 11.5, 12.3, 13.3, 13.8, 11.1, 10.8, 10.7, 10.7, 10.3, 10.3, 9.8, 7.5, 7.3, 8.1, 11.8, 11.8]
                 round 3 per-second ms first draw to swap p50 (render submission):    [1.3, 14.1, 15.3, 16.8, 17.3, 17.1, 15, 14.7, 17.2, 17.1, 16, 18, 15.5, 16.6, 15.5, 17.8, 16, 16.7, 15.2, 14.5, 15.3, 15.4, 15.8, 15.6, 16.1, 15.3, 15.2, 16.4, 16.2, 16.7, 15.6, 14.7, 16.7, 15.7, 15.6, 16.2, 15.9, 15.5, 15, 16.7, 18.8, 16.4, 17.2, 16.8, 16.2, 16.8, 16.2, 17.7, 18.2, 17.6, 16, 17.6, 16.7, 16.4, 16.7, 16, 15.9, 15.8, 15.8, 15, 15]
                 round 3 per-second raw_ms_max (screenshot hitches stay visible here, excluded from every statistic): [22.4, 21.8, 22.7, 24.9, 32.4, 36.2, 33.3, 24.8, 28.3, 28.7, 39.5, 39.5, 26.6, 26.3, 27.4, 27.9, 29, 28.4, 27.2, 23.6, 25.5, 25.5, 35.4, 26.2, 26.7, 28.9, 25, 29.4, 27.7, 26.3, 25.7, 24.3, 30.4, 32, 28, 26, 27.1, 28.3, 43.8, 26.8, 33.2, 26.5, 30.3, 29, 31.6, 68.4, 58.2, 59.9, 56, 36.9, 55.2, 45.3, 49.7, 42.1, 39.9, 37.9, 34.5, 30.6, 60.5, 36.6, 34.4]
                 round 3 screenshots excluded: r3-06s at 6.08 s (206.9 ms), r3-30s at 30.3 s (171.9 ms), r3-50s at 50.48 s (209.2 ms)
                 round 1 (setup) pre-round overlay-only frames: 93 at 19.05 draws/frame -- the no-geometry scene the floor is calibrated from
                 VALID: 2 rounds at cpu 6x; late ms p50 33.1/24.5; late draws/frame 355.66/112.66 (floor 18.05); spans 0.54-59.12 s/0.53-59.11 s; late shots r2-50s / r3-50s; swaps finish 11576 / flush 0
base-r2         2  61.0    21.60   25.80     1.19        95.9      114.8        1.20   179.5            6   6 VALID  
base-r2         3  60.8    20.60   24.80     1.20        90.1      112.7        1.25   182.0            2   6 VALID  
                 swaps: finish 12052, flush 0 (which of glFinish/glFlush ended the 12052 sampled frames); human: web_user
                 round 2 measured 0.53 s -> 59.11 s (ends at human_death; human death at 59.11 s); pre-round overlay-only frames skipped: 70 at 16.2 draws/frame, 6.4 ms p50, split at 46 draws
                 round 2 frame split p50 (in swap / to first draw / first draw to swap) ms: early 0 / 5.7 / 15.6; late 0 / 8.4 / 16.7; in-swap p90/max early 0.1/1.2, late 0/1.1
                 round 2 per-second ms_p50:        [6.9, 19.7, 22.1, 20.9, 23, 23.5, 23.3, 23.4, 24, 23.5, 23.2, 23.4, 22.6, 22.9, 22.8, 22.8, 22.4, 22.6, 22.3, 23.1, 23, 22.8, 23, 22.9, 22.7, 23.6, 23.6, 22.2, 22.2, 22.7, 23.1, 23.1, 25.7, 22.4, 23.5, 23.1, 23.1, 24.2, 23.5, 24.1, 22.5, 22.8, 22.8, 22.7, 22.9, 28, 29, 30.9, 30.1, 26.2, 26.9, 26.7, 27.4, 26.4, 28.1, 26.5, 23.4, 23.3, 28.4, 31.7, 39]
                 round 2 per-second draws/frame:   [31.21, 75.96, 94.18, 95, 119, 122.76, 118, 118, 114.38, 114, 111.28, 111, 108.34, 108, 107.14, 107, 107, 107, 107, 107, 107, 107, 107, 107, 107, 107, 107, 107, 107, 107, 107, 107, 107, 107, 107, 107, 107, 107, 107, 107, 107, 107, 107, 107, 107, 109.18, 107, 107.13, 109, 110.89, 111, 111, 111, 111, 111, 111.54, 113.98, 115, 119.25, 201.93, 312.28]
                 round 2 per-second ms to first draw p50 (yield + input + simulation): [5.2, 5.5, 5.5, 5.5, 6.9, 7, 7.1, 7, 7, 6.9, 7, 6.8, 7.1, 7.1, 7.1, 7.1, 6.7, 7, 7.1, 7.1, 7.3, 6.9, 7.2, 7, 6.9, 7.2, 7.1, 6.8, 6.8, 6.9, 7, 7.2, 7.6, 7, 6.9, 7.1, 7, 7.4, 7.3, 7.4, 6.9, 6.8, 7.2, 7, 7, 12.1, 12.6, 13.1, 12.5, 10.2, 10.3, 10.2, 10.9, 10.4, 11.2, 10, 7.1, 7.4, 8.9, 13, 14.4]
                 round 2 per-second ms first draw to swap p50 (render submission):    [1.4, 14.3, 16.5, 15.6, 16.3, 16.6, 16.2, 16.3, 16.7, 16.3, 16.2, 16.1, 15.8, 15.7, 15.8, 15.8, 15.7, 15.7, 15.5, 15.8, 15.7, 15.6, 15.5, 15.8, 15.7, 16.4, 16.3, 15.4, 15.5, 15.7, 15.7, 15.9, 17.6, 15.8, 16.5, 16.1, 16, 16.8, 16.1, 16.9, 15.7, 15.9, 15.3, 15.8, 15.8, 16.1, 16.5, 17.6, 17.5, 15.7, 16.6, 16.3, 16.6, 15.8, 17.1, 16, 16.1, 16.6, 18.6, 18.1, 22.1]
                 round 2 per-second raw_ms_max (screenshot hitches stay visible here, excluded from every statistic): [22.8, 22.8, 25.7, 26.1, 26.4, 27.2, 28.7, 25.9, 27.4, 28, 26.4, 27.5, 25.6, 25.4, 29, 27.1, 26.8, 27.2, 25.3, 29.5, 27, 25.9, 26.3, 26.5, 24.7, 27, 26.6, 26.1, 24.7, 27.7, 27, 28.7, 41.6, 25.8, 31.8, 27.7, 37.5, 29.6, 27.2, 28.8, 26.9, 30.2, 27.8, 27.9, 26.7, 81.6, 58.9, 55.2, 42.5, 43, 40.3, 45.2, 37.2, 40.1, 40.8, 37.9, 34.5, 43.5, 69, 48.1, 53.7]
                 round 2 screenshots excluded: r2-06s at 6.1 s (173.6 ms), r2-30s at 30.29 s (193.2 ms), r2-50s at 50.5 s (161.1 ms)
                 round 3 measured 0.53 s -> 59.1 s (ends at human_death; human death at 59.1 s); pre-round overlay-only frames skipped: 81 at 11 draws/frame, 6 ms p50, split at 41 draws
                 round 3 frame split p50 (in swap / to first draw / first draw to swap) ms: early 0 / 5.6 / 15.1; late 0 / 9.3 / 15.4; in-swap p90/max early 0/1.2, late 0/1.1
                 round 3 per-second ms_p50:        [6.2, 19.3, 20.4, 20.7, 23.3, 22.9, 22.5, 22.4, 22.1, 22.1, 22.3, 22, 22.3, 24, 22.3, 22.3, 22.4, 22.7, 23, 22.2, 23.7, 23.5, 23.3, 22.5, 22.6, 21.9, 25.6, 23, 23.6, 22.7, 23.9, 24.6, 22.3, 22.4, 22, 22.4, 21.8, 22, 22, 21.6, 21.7, 21.4, 22, 22.1, 21.7, 25.3, 26.5, 26.9, 27.2, 26.5, 25.8, 26.2, 26, 24.8, 24.9, 24.6, 25.5, 24.6, 23.4, 25.3, 26]
                 round 3 per-second draws/frame:   [24.92, 70.98, 88.27, 89, 112.63, 116.83, 111, 111, 110.09, 110, 109.09, 109, 108.11, 108, 107.11, 107, 107, 107, 107, 107, 107, 107, 107, 107, 107, 107, 107, 107, 107, 107, 107, 107, 107, 107, 107, 107, 107, 107, 107, 107, 107, 107, 107, 107, 107, 109.31, 107, 107, 107, 108.14, 109.25, 111.54, 111, 111, 111, 111.63, 112.23, 113, 114.82, 115.61, 116.55]
                 round 3 per-second ms to first draw p50 (yield + input + simulation): [4.9, 5.1, 5.3, 5.5, 7, 6.9, 6.8, 7.1, 6.8, 6.8, 6.6, 6.7, 6.8, 7.1, 7, 7, 6.8, 7.1, 6.8, 7, 7, 7, 7.3, 7.1, 6.7, 6.7, 7.6, 6.9, 7.1, 6.9, 7.6, 7.4, 7.1, 7, 7, 6.9, 6.8, 6.7, 7, 6.6, 6.8, 6.8, 6.7, 6.8, 6.6, 11, 11.6, 11.7, 11.9, 11.5, 10.7, 10.2, 10, 9.4, 9.4, 9.6, 9.2, 9, 9, 11.4, 11.5]
                 round 3 per-second ms first draw to swap p50 (render submission):    [1.3, 14.1, 15.1, 15.5, 16.4, 16, 15.8, 15.6, 15.5, 15.3, 15.4, 15.3, 15.6, 16.9, 15.5, 15.3, 15.3, 15.6, 16, 15.2, 16.5, 16.4, 16, 15.5, 15.6, 15.2, 17.9, 16, 16.6, 15.7, 16.2, 17.3, 15.4, 15.4, 15.2, 15.6, 14.9, 15.1, 14.9, 15, 15, 14.7, 15.2, 15.2, 14.8, 14.6, 14.9, 15.3, 15.2, 14.8, 14.9, 15.9, 15.9, 15.1, 15.3, 14.9, 16.4, 15.7, 14.7, 13.9, 14.3]
                 round 3 per-second raw_ms_max (screenshot hitches stay visible here, excluded from every statistic): [21.8, 21.6, 23.8, 23.4, 42.5, 25.8, 25.2, 24.6, 25.4, 25.1, 25.6, 24.7, 28.3, 29.5, 26.3, 26.4, 25.9, 25.9, 26.9, 25.8, 27.3, 29.3, 30.9, 28, 25.8, 26, 29.5, 27.1, 28.6, 35.2, 29.1, 28.7, 25.9, 41.9, 25.5, 26.6, 25.8, 25.8, 24.6, 23.8, 24.3, 24, 24.6, 26, 25.4, 53.7, 44.7, 45.2, 42.4, 39.7, 40.3, 39.8, 34.7, 33.6, 36.4, 39.2, 33.7, 33.6, 63.4, 42, 41.9]
                 round 3 screenshots excluded: r3-06s at 6.07 s (183.3 ms), r3-30s at 30.28 s (196.1 ms), r3-50s at 50.48 s (199.7 ms)
                 round 1 (setup) pre-round overlay-only frames: 92 at 18.05 draws/frame -- the no-geometry scene the floor is calibrated from
                 VALID: 2 rounds at cpu 6x; late ms p50 25.8/24.8; late draws/frame 114.82/112.72 (floor 18.05); spans 0.53-59.11 s/0.53-59.1 s; late shots r2-50s / r3-50s; swaps finish 12052 / flush 0
base-r3         2  60.9    24.30   27.00     1.11        95.9      112.2        1.17   179.4            9   6 VALID  
base-r3         3  60.9    24.10   25.10     1.04        90.3      111.5        1.23   181.6            8   6 VALID  
                 swaps: finish 11619, flush 0 (which of glFinish/glFlush ended the 11619 sampled frames); human: web_user
                 round 2 measured 0.53 s -> 59.11 s (ends at human_death; human death at 59.11 s); pre-round overlay-only frames skipped: 70 at 16.2 draws/frame, 6.7 ms p50, split at 46 draws
                 round 2 frame split p50 (in swap / to first draw / first draw to swap) ms: early 0 / 6.2 / 17.7; late 0 / 8.9 / 17.3; in-swap p90/max early 0.1/1.4, late 0.1/1.4
                 round 2 per-second ms_p50:        [7, 21.3, 24.4, 25, 26, 25.2, 25.2, 24.8, 27.2, 26.1, 25.3, 24.2, 25.7, 24.9, 25.1, 24.9, 26.5, 26.4, 25.3, 25.2, 25.1, 23.9, 24.5, 24, 23.8, 24.2, 24.7, 24.4, 24.1, 23.7, 24, 24.1, 24.5, 24.3, 25.1, 25.4, 24.9, 25.9, 26, 23.2, 25.1, 23.6, 26.2, 26.9, 23.9, 28.6, 31.8, 30.1, 28.2, 32.5, 30, 28, 26.6, 28.7, 28.4, 31.6, 23.9, 26.8, 27.2, 33.8, 34]
                 round 2 per-second draws/frame:   [30.26, 75.98, 94.1, 95, 119.34, 122.68, 118, 118, 114.43, 114, 111.38, 111, 108.38, 108, 107.13, 107, 107, 107, 107, 107, 107, 107, 107, 107, 107, 107, 107, 107, 107, 107, 107, 107, 107, 107, 107, 107, 107, 107, 107, 107, 107, 107, 107, 107, 107, 109, 107, 107.19, 109.97, 111, 111, 111, 111, 111, 111, 111, 111, 111, 114.4, 156.71, 210.33]
                 round 2 per-second ms to first draw p50 (yield + input + simulation): [5.3, 5.7, 6, 5.8, 7.5, 7.1, 7.4, 7.3, 7.8, 7.5, 7.9, 7.2, 7.5, 7.3, 7.6, 7.6, 7.8, 7.8, 7.4, 7.4, 7.6, 7.1, 7.3, 7.4, 7.2, 7.3, 7.2, 7.3, 7.4, 7.2, 7.5, 7.4, 7.4, 7.4, 7.6, 7.6, 7.4, 7.7, 7.8, 7.1, 7.5, 7.1, 7.7, 7.8, 7.4, 13, 14, 13.2, 11.5, 12, 11.2, 10.8, 10.3, 10.9, 11.1, 12.2, 7.4, 8.1, 8.8, 15.2, 13.4]
                 round 2 per-second ms first draw to swap p50 (render submission):    [1.5, 15.5, 18.6, 19.1, 18.6, 17.6, 17.9, 17.4, 19.2, 18.4, 17.3, 17, 18.1, 17.6, 17.5, 17.3, 18.6, 18.6, 17.5, 17.4, 17.9, 16.7, 17, 17, 16.2, 17, 17.1, 17, 16.6, 16.6, 16.7, 16.8, 17.3, 16.7, 17.7, 17.7, 17.2, 18.3, 18.1, 16.3, 17.3, 16.1, 18.4, 19, 16.7, 18.2, 17.3, 16.6, 16.5, 19.3, 17.9, 16.6, 16.2, 17.5, 17.3, 19.4, 16.3, 18.2, 17, 17.8, 19.5]
                 round 2 per-second raw_ms_max (screenshot hitches stay visible here, excluded from every statistic): [25.6, 25.7, 29.4, 31, 30, 28.4, 28.8, 42.6, 33.4, 31.3, 30.4, 32.9, 28.5, 28.2, 33.2, 32.1, 29.8, 29.3, 30.5, 28.4, 28.2, 27, 28, 28.3, 34.9, 28.9, 28, 27.6, 28.7, 30.3, 30, 26.9, 29.3, 27.8, 28.7, 30.9, 28.2, 29.2, 29.9, 35.1, 42.9, 27, 31.5, 29.8, 28.5, 91.9, 67.8, 52.8, 39.7, 56.9, 44.9, 37.1, 42.6, 37.8, 40.8, 70.2, 40.2, 40.1, 67.7, 55.5, 47.4]
                 round 2 screenshots excluded: r2-06s at 6.1 s (179.4 ms), r2-30s at 30.3 s (184.2 ms), r2-50s at 50.51 s (207.4 ms)
                 round 3 measured 0.54 s -> 59.11 s (ends at human_death; human death at 59.11 s); pre-round overlay-only frames skipped: 65 at 11.06 draws/frame, 7.4 ms p50, split at 41 draws
                 round 3 frame split p50 (in swap / to first draw / first draw to swap) ms: early 0 / 6.2 / 17.8; late 0 / 8.5 / 16.3; in-swap p90/max early 0.1/1.3, late 0/1.2
                 round 3 per-second ms_p50:        [7.7, 22.4, 24.2, 23.6, 27.2, 26, 26, 25.3, 24.5, 23.8, 23.6, 24, 25.7, 25.8, 22.9, 23.1, 23.9, 26.4, 25, 24, 23.4, 23.5, 22.9, 22.9, 23.6, 23.4, 22.8, 22.7, 23, 23.1, 22.1, 23.3, 22.3, 22.1, 23.1, 22.5, 23.3, 22.7, 22.4, 24.3, 25.3, 25, 23.7, 22.3, 22.9, 27, 30, 29.5, 27.6, 27.8, 27.3, 28.6, 29.6, 28.6, 27.7, 28.9, 25.2, 23.6, 23.9, 27.6, 26.1]
                 round 3 per-second draws/frame:   [25.45, 70.96, 88.56, 89, 113.36, 116.87, 111, 111, 110.05, 110, 109.07, 109, 108.08, 108, 107.09, 107, 107, 107, 107, 107, 107, 107, 107, 107, 107, 107, 107, 107, 107, 107, 107, 107, 107, 107, 107, 107, 107, 107, 107, 107, 107, 107, 107, 107, 107, 109.35, 107, 107, 107, 107.23, 110.53, 111, 111, 111, 111, 111, 111, 111, 112.66, 113.37, 114.53]
                 round 3 per-second ms to first draw p50 (yield + input + simulation): [5.6, 5.9, 5.9, 5.9, 7.7, 7.3, 7.1, 7.3, 7, 7.1, 7, 7.3, 7.5, 7.3, 6.9, 7.2, 7.3, 7.6, 7.5, 7.4, 7, 7.3, 7.1, 7.2, 7.5, 7.2, 6.9, 7.1, 7.2, 7.1, 6.6, 7.2, 7, 6.9, 7, 7.1, 7.2, 7, 6.8, 7, 7.4, 7.6, 7.2, 6.8, 7, 11.9, 13, 13.1, 11.9, 11.9, 11.7, 10.8, 11.1, 11.2, 10.9, 11.5, 7.8, 7.3, 8, 12, 11.2]
                 round 3 per-second ms first draw to swap p50 (render submission):    [1.8, 16.7, 18, 17.9, 19.8, 18.5, 18.2, 17.6, 17.2, 16.9, 16.5, 16.4, 18.2, 17.9, 15.7, 16.1, 16.4, 18.7, 17.8, 16.6, 16.1, 16.1, 16, 15.7, 16.5, 16.3, 15.6, 15.6, 15.9, 15.9, 15.3, 16.3, 15.1, 15.3, 15.8, 15.3, 16, 15.7, 15.6, 16.8, 17.7, 17.5, 16.6, 15.7, 15.7, 16.6, 16.5, 16.5, 15.4, 15.6, 16.2, 17.4, 17.7, 17.2, 16.8, 17.1, 16.9, 15.9, 15.6, 15, 14.5]
                 round 3 per-second raw_ms_max (screenshot hitches stay visible here, excluded from every statistic): [26.9, 26.5, 28.9, 27.9, 31.8, 29.2, 31.8, 28.9, 28.2, 42.4, 26.2, 28, 30.3, 28.4, 25.4, 26.6, 27.5, 28.4, 29.8, 26.7, 28.2, 29.1, 25.7, 31.6, 29.5, 27.1, 24.6, 25.4, 27.9, 26.4, 25.8, 29.8, 25.1, 26, 26.6, 25.6, 27.5, 27.6, 40.1, 28.5, 30.3, 30.6, 27, 26.9, 25.2, 82.9, 58.1, 53.9, 46.4, 52.6, 35.1, 61.8, 41.8, 48.9, 40, 38.1, 34.7, 34.5, 49.2, 40.2, 36.5]
                 round 3 screenshots excluded: r3-06s at 6.09 s (193.5 ms), r3-30s at 30.29 s (148.2 ms), r3-50s at 50.46 s (192.4 ms)
                 round 1 (setup) pre-round overlay-only frames: 93 at 18.05 draws/frame -- the no-geometry scene the floor is calibrated from
                 VALID: 2 rounds at cpu 6x; late ms p50 27/25.1; late draws/frame 112.16/111.46 (floor 18.05); spans 0.53-59.11 s/0.54-59.11 s; late shots r2-50s / r3-50s; swaps finish 11619 / flush 0
base-r4         2  61.0    22.30   34.10     1.53        95.2      336.9        3.54   266.8           32   6 VALID  
base-r4         3  60.9    22.10   36.10     1.63        89.8      234.7        2.61   229.3           42   6 VALID  
                 swaps: finish 11358, flush 0 (which of glFinish/glFlush ended the 11358 sampled frames); human: web_user
                 round 2 measured 0.53 s -> 59.12 s (ends at human_death; human death at 59.12 s); pre-round overlay-only frames skipped: 73 at 15.19 draws/frame, 6.5 ms p50, split at 45 draws
                 round 2 frame split p50 (in swap / to first draw / first draw to swap) ms: early 0 / 5.8 / 16.3; late 0 / 9.9 / 23.5; in-swap p90/max early 0.1/1.3, late 0/1.3
                 round 2 per-second ms_p50:        [6.7, 20.2, 22.1, 22.7, 24, 24.3, 26.9, 26.1, 24.2, 25.1, 24.8, 24.5, 26.3, 25.7, 24.2, 23.1, 22.5, 24.4, 24.8, 23.3, 23.5, 24.2, 23.6, 23.4, 23.8, 23.9, 23.9, 23.1, 23.5, 23, 24.5, 23.7, 23.7, 23.7, 24.7, 24, 24.7, 22.9, 23.9, 22.9, 22.6, 23.1, 23.8, 24.2, 24.3, 29.3, 33.7, 36.1, 44.4, 45.3, 41.6, 42.9, 41.5, 41.8, 45.1, 40.9, 33.8, 31.6, 28.6, 29.3, 28.2]
                 round 2 per-second draws/frame:   [29.28, 74.98, 93.61, 94, 118.07, 121.85, 117, 117, 114.37, 114, 111.45, 111, 108.49, 108, 107.15, 107, 107, 107, 107, 107, 107, 107, 107, 107, 107, 107, 107, 107, 107, 107, 107, 107, 107, 107, 107, 107, 107, 107, 107, 107, 107, 107, 107, 107, 107, 125.65, 230.1, 341.15, 438.82, 510.62, 497.8, 475.36, 472.83, 478.09, 476.82, 456.39, 374.6, 284.8, 204.13, 127.39, 119.72]
                 round 2 per-second ms to first draw p50 (yield + input + simulation): [5.3, 5.3, 5.7, 5.4, 7, 7.2, 7.6, 7.5, 7.4, 7.3, 7.4, 7.1, 7.6, 7.5, 7.3, 7.1, 7.1, 7.3, 7.4, 7, 7.3, 7.5, 7.3, 7.3, 7.1, 7.4, 7.2, 7.2, 7, 7.1, 7.1, 7.1, 7.1, 7.2, 7.3, 7.1, 7.3, 6.9, 7.3, 7.1, 6.9, 7, 7.3, 7.2, 7.3, 12.2, 13.6, 13.6, 14.7, 14.5, 13.5, 14.4, 12.9, 14, 14.6, 13, 9.3, 8.9, 8.8, 12, 11.8]
                 round 2 per-second ms first draw to swap p50 (render submission):    [1.3, 14.7, 16.5, 17.3, 17, 16.9, 18.6, 18.5, 16.7, 17.7, 17.6, 17.1, 18.6, 18.4, 16.5, 15.6, 15.4, 17.3, 17.4, 16, 16.7, 16.4, 16.7, 16.2, 16.7, 16.7, 16.6, 15.9, 16.4, 16.2, 17.1, 16.6, 16.5, 16.6, 17.4, 16.6, 17, 16.1, 16.9, 15.9, 15.7, 16, 16.3, 17, 17.1, 17.9, 20.4, 23.5, 28.9, 30.4, 27.4, 27.8, 28, 27.4, 29.4, 27.8, 24.1, 21.9, 19.4, 16.5, 15.7]
                 round 2 per-second raw_ms_max (screenshot hitches stay visible here, excluded from every statistic): [23, 23.9, 25.9, 27, 27.4, 28.8, 31.7, 49, 28.8, 28.8, 29.5, 28.6, 30.1, 30.8, 27.8, 25.8, 26.7, 29.3, 29.1, 26.8, 28.7, 28.9, 27, 25.7, 26.8, 29.6, 27.4, 27.3, 27.3, 27, 39.8, 26.6, 26.1, 26.6, 27.7, 29.1, 27.6, 29.8, 31.4, 36.9, 28.5, 27.6, 26.4, 27, 27.5, 85.9, 47.7, 60.1, 54.9, 65.7, 52.6, 56.6, 51.7, 63.9, 62.3, 56.4, 40.9, 44.8, 61.1, 49.5, 47]
                 round 2 screenshots excluded: r2-06s at 6.08 s (192.7 ms), r2-30s at 30.27 s (177.8 ms), r2-50s at 50.48 s (223.2 ms)
                 round 3 measured 0.53 s -> 59.13 s (ends at human_death; human death at 59.13 s); pre-round overlay-only frames skipped: 73 at 11.07 draws/frame, 6.5 ms p50, split at 41 draws
                 round 3 frame split p50 (in swap / to first draw / first draw to swap) ms: early 0 / 5.8 / 16.3; late 0 / 11.5 / 23.8; in-swap p90/max early 0/1.3, late 0.1/1.1
                 round 3 per-second ms_p50:        [6.8, 20.9, 22.1, 21.9, 26, 25, 23.2, 24.7, 24.3, 25.6, 27.8, 24.3, 25.8, 24.3, 24.1, 27.3, 27.2, 23.5, 23.8, 23.8, 25.5, 24.8, 26, 24.4, 24.1, 25.6, 27.4, 25.1, 26.8, 27, 24.8, 26.9, 23.7, 23.9, 24, 23, 24.5, 25.5, 23.5, 23.4, 25.5, 26.4, 24.7, 24.1, 25.5, 34.3, 41.2, 40.6, 45.6, 51.6, 48.5, 38.3, 38.3, 40.3, 39.5, 38.9, 35.5, 31.9, 35.5, 36, 31]
                 round 3 per-second draws/frame:   [25.65, 70.98, 88.6, 89, 113.05, 116.5, 111, 111, 110.02, 110, 109.03, 109, 108.05, 108, 107.07, 107, 107, 107, 107, 107, 107, 107, 107, 107, 107, 107, 107, 107, 107, 107, 107, 107, 107, 107, 107, 107, 107, 107, 107, 107, 107, 107, 107, 107, 107, 119.67, 201, 294.92, 360.9, 392.56, 365, 297.82, 281.17, 288.58, 299.33, 293, 249.93, 205.2, 159.96, 122.32, 119.82]
                 round 3 per-second ms to first draw p50 (yield + input + simulation): [5.2, 5.4, 5.6, 5.4, 7.3, 6.9, 7, 7.1, 7.1, 7.4, 7.9, 7.2, 7.6, 7.5, 7.3, 7.7, 7.7, 7.2, 7.1, 7.1, 7.4, 7.5, 7.6, 7.3, 7.2, 7.2, 8, 7.4, 7.2, 7.6, 7.2, 7.6, 7.2, 7.1, 7, 7.2, 7.3, 7.5, 7.1, 6.9, 7.4, 7.4, 7.3, 7.3, 7.5, 14.9, 16, 15.7, 16.7, 16.7, 15.6, 13.4, 14.1, 14.4, 13.8, 13.4, 10.6, 9.9, 11.7, 16.3, 12.2]
                 round 3 per-second ms first draw to swap p50 (render submission):    [1.5, 15.5, 16.5, 16.4, 18.5, 17.9, 16.1, 17.3, 17.4, 17.7, 19.9, 17.2, 18.3, 17.2, 17, 19.3, 19.5, 16.2, 16.4, 16.5, 18, 17.1, 18, 17, 16.6, 18.2, 19.8, 17.9, 19.3, 19.2, 17.6, 19.6, 16.6, 17, 16.9, 16, 16.4, 18.2, 16.2, 16.4, 18, 18.6, 17.2, 16.8, 17.8, 19.6, 23.3, 24.7, 29, 34.8, 30.9, 24.6, 24.5, 24.9, 25.6, 25.3, 24.1, 22.2, 22.5, 19.6, 17.5]
                 round 3 per-second raw_ms_max (screenshot hitches stay visible here, excluded from every statistic): [22.7, 24.1, 26.2, 24.1, 33.4, 33.5, 30.2, 30, 29.9, 44.1, 31.7, 28.4, 30, 28.8, 30.6, 34.7, 37.7, 26.4, 26.8, 29.8, 28.9, 30.8, 31, 27.9, 29, 38.3, 32.6, 32.1, 30.3, 31.4, 35.6, 33.1, 30.4, 27.7, 28.9, 27.7, 27.6, 29.2, 26.3, 44.7, 30, 30.9, 28.1, 28.9, 29, 98.3, 90.8, 63.8, 77, 72.4, 69.8, 62.7, 59.8, 51.6, 54.2, 52.7, 46.6, 52.6, 59.5, 52.7, 41.8]
                 round 3 screenshots excluded: r3-06s at 6.09 s (201.7 ms), r3-30s at 30.3 s (234.6 ms), r3-50s at 50.56 s (245.7 ms)
                 round 1 (setup) pre-round overlay-only frames: 92 at 19.05 draws/frame -- the no-geometry scene the floor is calibrated from
                 VALID: 2 rounds at cpu 6x; late ms p50 34.1/36.1; late draws/frame 336.91/234.74 (floor 18.05); spans 0.53-59.12 s/0.53-59.13 s; late shots r2-50s / r3-50s; swaps finish 11358 / flush 0
base-r5         2  60.7    23.80   27.40     1.15        95.0      114.2        1.20   179.4            7   6 VALID  
base-r5         3  61.0    23.60   28.00     1.19        89.8      112.8        1.26   182.1            8   6 VALID  
                 swaps: finish 11378, flush 0 (which of glFinish/glFlush ended the 11378 sampled frames); human: web_user
                 round 2 measured 0.54 s -> 59.11 s (ends at human_death; human death at 59.11 s); pre-round overlay-only frames skipped: 70 at 15.2 draws/frame, 6.8 ms p50, split at 45 draws
                 round 2 frame split p50 (in swap / to first draw / first draw to swap) ms: early 0 / 6.2 / 17.5; late 0 / 8.8 / 18.1; in-swap p90/max early 0.1/1.4, late 0.1/1.3
                 round 2 per-second ms_p50:        [7, 21.2, 22.9, 24.1, 26.6, 25.8, 29.5, 27.2, 25.6, 23.4, 24, 23.7, 24.1, 23.2, 24.6, 22.8, 23, 22.7, 23.8, 22.5, 22.8, 22.9, 23.7, 23.3, 22.1, 22.3, 23.2, 22.5, 22.3, 23.6, 23.5, 23, 23.8, 24.8, 25, 27.5, 24.9, 25.6, 25.1, 26.2, 28.1, 25.3, 25.6, 25.5, 25.4, 30, 32.4, 31.8, 29.7, 30.9, 30.3, 28.5, 28.6, 31.2, 30.9, 31.4, 26.2, 25.1, 26.9, 31.9, 29.5]
                 round 2 per-second draws/frame:   [28.77, 74.98, 93.16, 94, 117.95, 122.32, 117, 117, 114.38, 114, 111.44, 111, 108.44, 108, 107.17, 107, 107, 107, 107, 107, 107, 107, 107, 107, 107, 107, 107, 107, 107, 107, 107, 107, 107, 107, 107, 107, 107, 107, 107, 107, 107, 107, 107, 107, 107, 109.13, 108, 109.13, 110.88, 111, 111, 111, 111, 111, 111, 111.13, 114.74, 115, 117.3, 118.97, 119.26]
                 round 2 per-second ms to first draw p50 (yield + input + simulation): [5.4, 5.9, 5.8, 6, 7.5, 7.4, 8.1, 7.5, 7.5, 7.3, 7.4, 7.3, 7.5, 7, 7.5, 7.2, 7.2, 7, 7.2, 7, 7.1, 6.9, 7.2, 7.3, 6.9, 6.8, 7, 7.1, 6.9, 7.2, 7.2, 7.1, 7.2, 7.4, 7.3, 7.7, 7.4, 7.6, 7.7, 7.5, 7.9, 7.5, 7.6, 7.5, 7.7, 12.6, 14.3, 13.1, 11.8, 12.4, 11.3, 11.3, 10.9, 11.4, 12, 12.4, 7.9, 7.7, 8.6, 13.6, 12.5]
                 round 2 per-second ms first draw to swap p50 (render submission):    [1.5, 15.4, 17.5, 18.3, 18.6, 18.3, 21.8, 19.6, 18, 16.2, 16.8, 16.6, 16.8, 16.1, 17.2, 15.6, 15.7, 15.4, 16.3, 15.3, 15.5, 15.9, 16.3, 16, 15.2, 15.3, 15.7, 15.2, 15.3, 16.1, 15.7, 15.6, 16.1, 16.9, 17.7, 19.4, 17.4, 17.9, 17.5, 18.8, 19.4, 17.4, 18.3, 17.8, 17.6, 17.7, 18.3, 18.1, 18.1, 18.7, 19, 17.2, 17.1, 18.6, 18.3, 18.6, 18.6, 16.7, 17.9, 17.7, 16.7]
                 round 2 per-second raw_ms_max (screenshot hitches stay visible here, excluded from every statistic): [28.1, 25.8, 26.1, 26.8, 30.6, 32.3, 34, 30.5, 27.6, 41.5, 27.3, 29, 30.6, 29.3, 29.4, 29.9, 26.7, 25.8, 29.9, 25.5, 25.1, 26.1, 27.6, 26, 26.9, 26.7, 26.7, 25.4, 25.9, 25.8, 26, 25.7, 27.9, 28.6, 30, 32.1, 31, 27.9, 28.3, 29.6, 32, 46.3, 29.5, 28.2, 35.7, 79.6, 66.3, 54.3, 37.9, 50.8, 41.5, 45.2, 44.9, 41.8, 39.8, 48.1, 41.3, 38.7, 68.8, 50.6, 52.5]
                 round 2 screenshots excluded: r2-06s at 6.02 s (189 ms), r2-30s at 30.21 s (184.4 ms), r2-50s at 50.4 s (234.8 ms)
                 round 3 measured 0.53 s -> 59.1 s (ends at human_death; human death at 59.1 s); pre-round overlay-only frames skipped: 65 at 11.08 draws/frame, 7.3 ms p50, split at 41 draws
                 round 3 frame split p50 (in swap / to first draw / first draw to swap) ms: early 0 / 6.1 / 17.6; late 0 / 8.9 / 18.7; in-swap p90/max early 0.1/2, late 0/1.1
                 round 3 per-second ms_p50:        [7.7, 21.6, 23.2, 24.1, 26.7, 28.3, 26.3, 25.2, 25.6, 25.3, 24.6, 25.1, 24.4, 25.9, 25.9, 25.6, 25.3, 27.1, 25, 23.6, 24.8, 25.6, 26.1, 25.5, 24.3, 25.8, 25.8, 25.3, 25.2, 25.4, 27.2, 26.9, 24.9, 25.2, 26, 26.8, 24.4, 24.7, 24.3, 26.1, 26, 25.1, 24.8, 24.7, 25.4, 29.5, 30.2, 30.7, 28, 29.5, 31.4, 34.2, 31.5, 29.5, 28.9, 28.9, 27.1, 27.1, 29.4, 31, 32.1, None]
                 round 3 per-second draws/frame:   [25.98, 70.96, 88.57, 89, 112.47, 116.8, 111, 111, 110.08, 110, 109.1, 109, 108.13, 108, 107.13, 107, 107, 107, 107, 107, 107, 107, 107, 107, 107, 107, 107, 107, 107, 107, 107, 107, 107, 107, 107, 107, 107, 107, 107, 107, 107, 107, 107, 107, 107, 109.5, 107, 107.13, 110.77, 111, 111, 111, 111, 111, 111, 111, 112.44, 113, 115.65, 116.9, 117.57, 0]
                 round 3 per-second ms to first draw p50 (yield + input + simulation): [5.7, 5.6, 5.8, 5.6, 7.4, 8.1, 7.7, 7.6, 7.4, 7.6, 7.4, 7.5, 7.2, 7.8, 7.8, 7.6, 7.7, 7.9, 7.5, 7.3, 7.4, 7.7, 7.7, 7.8, 7.3, 7.4, 7.8, 7.2, 7.7, 7.4, 7.9, 7.3, 7.6, 7.7, 7.5, 7.6, 7.3, 7.4, 7.3, 7.6, 7.6, 7.4, 7.1, 7.2, 7.7, 12.7, 13.3, 13.5, 11.3, 11.4, 12, 12.8, 12.3, 11.5, 11.2, 11, 8, 8.2, 9.4, 12.9, 13.2, None]
                 round 3 per-second ms first draw to swap p50 (render submission):    [1.8, 15.9, 17.5, 18.5, 19.1, 20.2, 18, 17.5, 17.8, 17.4, 16.9, 17.5, 17, 18.1, 17.9, 18, 17.3, 19.2, 17.5, 16.4, 17.2, 17.5, 18.3, 17.5, 16.8, 17.9, 18, 17.6, 17.4, 17.9, 19.9, 19.5, 17, 17.4, 17.6, 19, 17.1, 17.3, 16.8, 18, 18.8, 17.8, 17.6, 17.3, 18.2, 17.1, 16.9, 16.8, 17, 17.7, 20, 20.4, 18.8, 17.7, 17.7, 18.5, 19, 19.1, 19.4, 17.5, 17.6, None]
                 round 3 per-second raw_ms_max (screenshot hitches stay visible here, excluded from every statistic): [25.8, 23.9, 26.6, 29.3, 31.6, 33.6, 28.6, 27.9, 28.6, 28, 43.4, 27.5, 35, 32.3, 30.4, 28.9, 28.2, 29.8, 28.4, 30.4, 28.2, 29.2, 29.4, 28.7, 26.9, 29.2, 29.7, 28.2, 28.3, 30.2, 30.1, 30.6, 29.8, 27.6, 29.8, 29.2, 28, 28.2, 27.6, 30.2, 46.4, 28.6, 28.7, 28.1, 30.7, 71.9, 58.7, 73.9, 37, 65.3, 47.4, 58, 47.8, 39.5, 46, 40.8, 42, 37.9, 62.3, 56.2, 47.6, 0]
                 round 3 screenshots excluded: r3-06s at 6.11 s (186.8 ms), r3-30s at 30.3 s (202.3 ms), r3-50s at 50.54 s (222.1 ms)
                 round 1 (setup) pre-round overlay-only frames: 91 at 19.05 draws/frame -- the no-geometry scene the floor is calibrated from
                 VALID: 2 rounds at cpu 6x; late ms p50 27.4/28; late draws/frame 114.23/112.82 (floor 18.05); spans 0.54-59.11 s/0.53-59.1 s; late shots r2-50s / r3-50s; swaps finish 11378 / flush 0
