round 1 (the two key presses sent, throttle switched on) is not measured and is not listed. early = 5 s from the first world frame after NEW_ROUND; late = 5 s before the human's death (ROUND_WINNER if none). ms are frame COSTS at MAX_FPS 1000; cpu = CDP throttle rate.
arm            rd len_s early_ms late_ms ratio_ms early_draws late_draws ratio_draws late_kb hitches>50ms cpu gate   
fps30-r1        2  61.0    33.40   33.50     1.00        96.6      113.8        1.18   179.4           10   6 VALID  
fps30-r1        3  60.3    33.40   34.60     1.04        91.6      249.0        2.72   234.8           15   6 VALID  
                 swaps: finish 5763, flush 0 (which of glFinish/glFlush ended the 5763 sampled frames); human: web_user
                 round 2 measured 0.57 s -> 59.11 s (ends at human_death; human death at 59.11 s); pre-round overlay-only frames skipped: 16 at 15.44 draws/frame, 33.3 ms p50, split at 45 draws
                 round 2 frame split p50 (in swap / to first draw / first draw to swap) ms: early 0 / 16.1 / 17.3; late 0 / 16.8 / 16.6; in-swap p90/max early 0/1.2, late 0.1/1.3
                 round 2 per-second ms_p50:        [33.3, 33, 33.7, 33.4, 33.4, 33.6, 33.3, 33.3, 33.5, 33.6, 33.3, 33.9, 33.1, 33.2, 33.6, 33.5, 33.8, 34, 33.6, 32.8, 33.7, 33.8, 33.7, 33.6, 33.3, 33.8, 33, 33.8, 32.9, 32.6, 33.5, 34.6, 33.9, 34.1, 34.2, 33.6, 32.7, 33.9, 33.2, 33.3, 33.8, 34.1, 33.7, 33.2, 33, 33.3, 34.8, 35.7, 33.7, 34.3, 37, 34.2, 34.5, 34.4, 35.7, 33.2, 33.5, 32.8, 33.4, 33.1, 33.8]
                 round 2 per-second draws/frame:   [42.77, 75, 94.03, 94, 118.45, 122.1, 117, 117, 114.3, 114, 111.3, 111, 108.3, 108, 107.1, 107, 107, 107, 107, 107, 107, 107, 107, 107, 107, 107, 107, 107, 107, 107, 107, 107, 107, 107, 107, 107, 107, 107, 107, 107, 107, 107, 107, 107, 107, 109.59, 107, 108, 109, 109, 109, 109, 110.03, 111, 111, 111, 112.67, 114.87, 118.14, 118.76, 119.68]
                 round 2 per-second ms to first draw p50 (yield + input + simulation): [29, 17.1, 16.2, 16.2, 15.3, 13.6, 13, 14.7, 15.3, 15.6, 14.8, 14, 13.6, 14, 14.7, 14.1, 13.9, 13.8, 12.7, 13.6, 13.6, 14.5, 14.6, 15.3, 13.8, 13.5, 15.3, 14.2, 14.2, 15.4, 13.5, 12.3, 13.9, 12.9, 13, 13.2, 15.1, 15.1, 14.6, 14.7, 12.6, 14.1, 15, 13.4, 15.9, 16, 17.5, 16.3, 16.3, 16.3, 16.9, 15.1, 16.7, 17.2, 18, 16.1, 17.6, 15.8, 17.5, 17.3, 18]
                 round 2 per-second ms first draw to swap p50 (render submission):    [3.1, 15.9, 17.4, 17.5, 18.5, 19.9, 21, 18.4, 18.1, 18.3, 18.9, 19.8, 19.3, 19.6, 19.1, 18.9, 19.8, 19.2, 20.7, 19.6, 19.6, 18.5, 19.1, 18.8, 19.2, 19.4, 17.8, 18.6, 18.3, 17.4, 19.7, 22.7, 19.2, 21.4, 20.9, 21.4, 18.4, 19, 18.3, 19.2, 21.1, 20.8, 18.1, 19.4, 17.1, 17.6, 17.3, 18.5, 17.2, 18.6, 17.2, 18.7, 17.1, 17.1, 17.8, 17, 15.7, 17.2, 16.3, 15.8, 15.5]
                 round 2 per-second raw_ms_max (screenshot hitches stay visible here, excluded from every statistic): [49.7, 37.9, 36.6, 39.7, 36.4, 38, 39.7, 37.9, 37.6, 39.4, 36.4, 44.6, 39.7, 38.6, 39.1, 40.7, 38.3, 39.2, 40.2, 39.7, 37.4, 38.7, 37.6, 37, 37.8, 38.9, 37.9, 37.4, 40.4, 38.3, 39.2, 37.5, 41.8, 48.4, 38.8, 39.9, 42.2, 47, 38.3, 36.9, 38.6, 39.6, 36.3, 39, 36.2, 93.9, 56.9, 60.7, 52, 57.6, 56.1, 61.8, 47.4, 49.8, 53.2, 41.9, 42.9, 40.1, 54, 51.3, 46.2]
                 round 2 screenshots excluded: r2-06s at 6.08 s (166.8 ms), r2-30s at 30.26 s (172.5 ms), r2-50s at 50.43 s (218.3 ms)
                 round 3 measured 0.55 s -> 59.12 s (ends at human_death; human death at 59.12 s); pre-round overlay-only frames skipped: 16 at 11.31 draws/frame, 33.1 ms p50, split at 41 draws
                 round 3 frame split p50 (in swap / to first draw / first draw to swap) ms: early 0 / 17.8 / 15.5; late 0 / 13.5 / 21; in-swap p90/max early 0.1/1.2, late 0.1/1.2
                 round 3 per-second ms_p50:        [33.2, 33.2, 33.2, 33.2, 33.5, 33.3, 33, 32.9, 33.4, 33.6, 33, 33.3, 33, 33.4, 33.1, 33.3, 33.5, 33.1, 32.7, 33.5, 33.3, 33.3, 33.5, 33.6, 33.4, 33.1, 33.2, 33.9, 33.9, 33.6, 33.3, 33.3, 33.5, 33.3, 33.8, 33.1, 33.6, 33.1, 33.3, 33.2, 33.4, 33.7, 33.6, 33.5, 33, 33.7, 35.7, 37.7, 38.7, 39.5, 37.5, 38.8, 36, 37.5, 39.1, 35.7, 34.6, 33.2, 33.7, 32.6, 32.4]
                 round 3 per-second draws/frame:   [38.7, 70.97, 88.4, 89, 113.13, 117, 111, 111, 110.13, 110, 109.17, 109, 108.2, 108, 107.23, 107, 107, 107, 107, 107, 107, 107, 107, 107, 107, 107, 107, 107, 107, 107, 107, 107, 107, 107, 107, 107, 107, 107, 107, 107, 107, 107, 107, 107, 107, 126.11, 221, 327.08, 404.68, 442.13, 394.09, 328.44, 309.22, 311.92, 317.38, 311.89, 266, 215.33, 165.52, 123.97, 118.75]
                 round 3 per-second ms to first draw p50 (yield + input + simulation): [30.5, 18.9, 17.6, 17.6, 16.5, 17.1, 17.3, 17.3, 17.2, 16.8, 18.2, 17.1, 17, 17.5, 17.6, 17.6, 18, 17.4, 17, 16.5, 17.2, 17.9, 16.5, 17.6, 17.7, 17, 17.6, 17.4, 15.1, 15.7, 14.6, 13.9, 15.8, 16.4, 16.9, 17, 17, 16.2, 17, 16.8, 16.8, 17.4, 16.7, 17.2, 17.6, 17.3, 17.4, 14.9, 14.1, 13.4, 13.1, 13.6, 13, 13, 13.5, 13.1, 13.1, 14.1, 16.6, 16.5, 17.8]
                 round 3 per-second ms first draw to swap p50 (render submission):    [1.6, 14.2, 15.8, 15.5, 17, 16.5, 15.7, 16, 15.8, 15.8, 15.3, 15.9, 16.4, 16.1, 15.8, 15.8, 15.7, 15.9, 16.1, 17.1, 16.1, 15.8, 17.1, 15.7, 15.3, 15.8, 15.4, 15.7, 17.7, 17.5, 18.8, 19.5, 17.7, 16.8, 16.8, 16.8, 16.8, 17.1, 16.1, 16.4, 16.5, 16.1, 16.3, 16.2, 15.5, 16.6, 18.9, 22.8, 25.2, 26, 25.8, 24.5, 22.9, 23.5, 23.5, 22.9, 22.6, 18.9, 17.9, 15.5, 14.6]
                 round 3 per-second raw_ms_max (screenshot hitches stay visible here, excluded from every statistic): [45.3, 36.9, 36.2, 39.4, 36.7, 36.4, 36.3, 36.9, 37.6, 36.7, 37.7, 36.4, 37.8, 36.3, 39.5, 36.6, 35.4, 35.6, 37.5, 41.4, 38.7, 37.7, 37.1, 44, 38.5, 36, 36.7, 38, 37.4, 43.5, 39.4, 36.9, 40.8, 36.1, 37.9, 38.8, 36.4, 36.3, 36.1, 37.6, 37.5, 36.8, 36.2, 37.9, 38.8, 77.3, 67.5, 66, 54.4, 64.4, 61.2, 57.4, 55.4, 67.7, 52.3, 48.5, 44.4, 43.1, 59.8, 41.2, 43.6]
                 round 3 screenshots excluded: r3-06s at 6.02 s (133.6 ms), r3-30s at 30.17 s (171.4 ms), r3-50s at 50.36 s (209.7 ms)
                 round 1 (setup) pre-round overlay-only frames: 16 at 19.31 draws/frame -- the no-geometry scene the floor is calibrated from
                 VALID: 2 rounds at cpu 6x; late ms p50 33.5/34.6; late draws/frame 113.82/248.97 (floor 18.05); spans 0.57-59.11 s/0.55-59.12 s; late shots r2-50s / r3-50s; swaps finish 5763 / flush 0
fps30-r2        2  60.2    33.40   33.00     0.99        96.3      113.9        1.18   179.5            8   6 VALID  
fps30-r2        3  60.3    33.20   33.50     1.01        91.6      114.0        1.24   181.9           10   6 VALID  
                 swaps: finish 5787, flush 0 (which of glFinish/glFlush ended the 5787 sampled frames); human: web_user
                 round 2 measured 0.54 s -> 59.1 s (ends at human_death; human death at 59.1 s); pre-round overlay-only frames skipped: 15 at 15.47 draws/frame, 33.3 ms p50, split at 45 draws
                 round 2 frame split p50 (in swap / to first draw / first draw to swap) ms: early 0 / 17.1 / 16; late 0 / 16.6 / 16.6; in-swap p90/max early 0.1/1.4, late 0.1/1.3
                 round 2 per-second ms_p50:        [33.1, 33.4, 33.2, 33.6, 33.3, 33.5, 33.5, 33.2, 33.3, 33.1, 33.2, 33, 33.5, 33.3, 33.7, 33, 33, 32.8, 33.4, 33.3, 32.8, 32.9, 33.3, 32.9, 33.2, 32.9, 33, 33.3, 33.4, 32.5, 33.5, 33.1, 33.3, 33.5, 33.5, 33.8, 33.3, 33.2, 32.8, 33.1, 33.2, 33.2, 33.4, 33.3, 33.4, 34.3, 35.1, 35.7, 35.3, 34, 33.2, 33.5, 34.6, 33.6, 33.6, 32.9, 32.9, 33, 34.4, 33.5, 32.4]
                 round 2 per-second draws/frame:   [43.72, 74.97, 93.4, 94, 118.13, 122, 117, 117, 114.3, 114, 111.3, 111, 108.3, 108, 107.13, 107, 107, 107, 107, 107, 107, 107, 107, 107, 107, 107, 107, 107, 107, 107, 107, 107, 107, 107, 107, 107, 107, 107, 107, 107, 107, 107, 107, 107, 107, 109.15, 108.03, 109, 109.14, 110.86, 111, 111, 111, 111, 111, 111, 112.35, 114.4, 118.26, 160.03, 195.17]
                 round 2 per-second ms to first draw p50 (yield + input + simulation): [30.6, 18.2, 17.7, 17.9, 16.5, 14.3, 16.4, 16.5, 15.7, 16, 16.6, 16.3, 17.4, 16.7, 16.8, 15.6, 15.1, 16.9, 16.1, 16.1, 15.9, 15.2, 14.5, 15, 14.3, 13.7, 14.5, 15.6, 15, 15, 14.4, 15, 15.8, 15.5, 14.7, 14.9, 14.3, 14.8, 15.1, 15.9, 16.1, 15.3, 16, 15.1, 15.8, 15.4, 16.6, 17.2, 17.1, 15.1, 16.2, 16.7, 16.1, 16.4, 16.4, 14.8, 16, 16.9, 17.8, 17.5, 16.7]
                 round 2 per-second ms first draw to swap p50 (render submission):    [16.3, 14.9, 15.4, 15.7, 17.4, 18.9, 17.5, 16.7, 16.8, 16.8, 16.4, 16.9, 15.6, 16.9, 16.3, 17.2, 17.7, 16.3, 17.1, 17.5, 17.2, 18, 18.7, 17.8, 19.4, 19.3, 18.6, 17.1, 18.4, 18, 18.7, 17.3, 17.3, 17.8, 18.5, 18.8, 18.5, 18.8, 18.7, 17.7, 17.4, 17.7, 17.2, 18.1, 17.5, 18.1, 18.1, 18.5, 18.7, 19, 17.7, 17.2, 17.5, 16.4, 17.1, 17.9, 17.3, 15.9, 15.6, 16.1, 16.2]
                 round 2 per-second raw_ms_max (screenshot hitches stay visible here, excluded from every statistic): [53.7, 36.5, 36.7, 37.4, 36.7, 37.1, 38.3, 37, 37.2, 39.1, 39.9, 41.8, 36.1, 38.7, 38.2, 37.7, 37.8, 38.2, 38.3, 37.6, 37.6, 36.9, 38.8, 40.5, 37.1, 38.6, 37.8, 38.2, 37.3, 38.8, 36.8, 36.3, 37, 36, 38.1, 37.3, 49.5, 38.1, 37.7, 37.6, 36.5, 36.9, 36.4, 36.1, 36.4, 88, 62.4, 72.1, 48.1, 53.6, 48, 47.8, 43.4, 44.9, 45.4, 46.5, 44.2, 45, 69.8, 41.4, 40.8]
                 round 2 screenshots excluded: r2-06s at 6.02 s (162.7 ms), r2-30s at 30.19 s (166.1 ms), r2-50s at 50.36 s (164.2 ms)
                 round 3 measured 0.56 s -> 59.1 s (ends at human_death; human death at 59.1 s); pre-round overlay-only frames skipped: 16 at 11.31 draws/frame, 33.2 ms p50, split at 41 draws
                 round 3 frame split p50 (in swap / to first draw / first draw to swap) ms: early 0 / 17.9 / 15.5; late 0 / 16.2 / 17.1; in-swap p90/max early 0/1.3, late 0/1.2
                 round 3 per-second ms_p50:        [33.2, 32.8, 33.3, 33.2, 33.5, 33.4, 33.6, 33.2, 33.1, 33.2, 32.9, 32.8, 32.9, 33.6, 33.6, 33.3, 33.6, 33, 33.7, 33.1, 33.2, 32.8, 33.4, 33.3, 33.5, 33.2, 32.9, 33.3, 33.2, 32.9, 33, 33.4, 33.8, 33.1, 33.4, 33.7, 33.2, 33.3, 33.2, 33.8, 33.5, 33.4, 33.5, 33.9, 33.3, 34.2, 34.3, 34.6, 33, 33.3, 34.2, 33.7, 34.3, 34, 33.6, 34.4, 33.3, 33.7, 33.7, 33.9, 32.5]
                 round 3 per-second draws/frame:   [38.7, 70.97, 88.4, 89, 113.13, 117.41, 111, 111, 110.1, 110, 109.13, 109, 108.17, 108, 107.2, 107, 107, 107, 107, 107, 107, 107, 107, 107, 107, 107, 107, 107, 107, 107, 107, 107, 107, 107, 107, 107, 107, 107, 107, 107, 107, 107, 107, 107, 107, 109.67, 107, 107.28, 110.73, 111, 111, 111, 111, 111, 111, 111, 113.4, 115, 118.21, 119.32, 118.8]
                 round 3 per-second ms to first draw p50 (yield + input + simulation): [29.9, 19.4, 17.6, 17.9, 16.4, 16.4, 15.9, 16.9, 16.2, 16.3, 16, 16.3, 16, 17.4, 17.2, 16.9, 16.7, 17.2, 16.3, 17.7, 17.4, 16.7, 17.5, 15.9, 18.2, 16.8, 15.8, 16.6, 16.6, 15.1, 16.2, 15.9, 16.3, 16.7, 17.2, 16.2, 15.1, 14.6, 14.1, 14.9, 13.9, 15.4, 16.3, 17.1, 15.9, 16.9, 16, 17, 15.9, 16.8, 17.5, 16.8, 15.4, 15.8, 16.5, 16.3, 16.3, 15.9, 17, 16.7, 17.9]
                 round 3 per-second ms first draw to swap p50 (render submission):    [2.2, 13.9, 15.9, 15.4, 16.8, 16.8, 17.3, 15.9, 16.6, 17.2, 17.3, 17, 17.2, 16, 15.8, 16.3, 17.2, 15.9, 16.9, 15.3, 16, 17.1, 15.3, 17.2, 15.3, 16.5, 17.3, 16.6, 16.6, 17.9, 17.1, 17.5, 16.9, 16.5, 16.2, 17.5, 18.1, 18.3, 18.8, 18.9, 19.3, 17.7, 17, 16.8, 17.5, 16.8, 17.6, 17.7, 16.8, 16.6, 15.8, 16.7, 18.7, 18.8, 18.2, 17.1, 17.2, 16.8, 16.9, 16.4, 14.9]
                 round 3 per-second raw_ms_max (screenshot hitches stay visible here, excluded from every statistic): [47, 35.9, 35.8, 35.3, 36.7, 39.5, 37.5, 36.8, 37.5, 38.2, 40.5, 38, 37.7, 35.5, 37.4, 36, 36.7, 41.8, 36.8, 37, 41.5, 37.8, 40.8, 35.9, 36.8, 37.2, 43.2, 37.6, 36.5, 40.5, 36.5, 38.5, 38.2, 37.2, 37.2, 40.7, 38.9, 36, 37.9, 36.5, 36.6, 35.3, 36, 37.2, 37.1, 75.9, 61.6, 59.9, 49.5, 53.1, 48.6, 53.4, 45, 52.8, 45.4, 49.5, 43.3, 47, 59.3, 52, 54.9]
                 round 3 screenshots excluded: r3-06s at 6.03 s (165.9 ms), r3-30s at 30.2 s (164.2 ms), r3-50s at 50.37 s (166.9 ms)
                 round 1 (setup) pre-round overlay-only frames: 15 at 19.33 draws/frame -- the no-geometry scene the floor is calibrated from
                 VALID: 2 rounds at cpu 6x; late ms p50 33/33.5; late draws/frame 113.92/113.99 (floor 18.05); spans 0.54-59.1 s/0.56-59.1 s; late shots r2-50s / r3-50s; swaps finish 5787 / flush 0
fps30-r3       (no [PERF] line)
nomirror-r1     2  60.8    21.30   25.10     1.18        95.2      114.1        1.20   179.2            2   6 VALID  
nomirror-r1     3  60.7    23.10   23.80     1.03        90.5      113.3        1.25   181.8            2   6 VALID  
                 swaps: finish 12168, flush 0 (which of glFinish/glFlush ended the 12168 sampled frames); human: web_user
                 round 2 measured 0.54 s -> 59.11 s (ends at human_death; human death at 59.11 s); pre-round overlay-only frames skipped: 70 at 15.2 draws/frame, 6.6 ms p50, split at 45 draws
                 round 2 frame split p50 (in swap / to first draw / first draw to swap) ms: early 0 / 5.9 / 15.6; late 0 / 8.4 / 16.2; in-swap p90/max early 0/0.9, late 0/1.1
                 round 2 per-second ms_p50:        [6.9, 20, 21.2, 21.6, 23.5, 23.3, 23.6, 24, 23.5, 23.3, 22.5, 23, 22.1, 22.6, 22.2, 22.7, 23.2, 23.4, 22.1, 22.7, 22.3, 22.5, 22.1, 23.3, 22.3, 22.2, 22.4, 22, 22.2, 22.4, 22.4, 22.8, 22.1, 22.9, 22.9, 22.5, 22.7, 22.4, 22.6, 22.8, 22.5, 23.1, 22.5, 22.5, 22.7, 26.9, 28.4, 28.2, 29.5, 27.5, 26, 26.4, 26.1, 26.8, 26.1, 25.7, 22.8, 24.3, 27, 31.1, 28.3]
                 round 2 per-second draws/frame:   [29.26, 74.96, 93.64, 94, 117.1, 122.13, 117, 117, 114.29, 114, 111.33, 111, 108.33, 108, 107.13, 107, 107, 107, 107, 107, 107, 107, 107, 107, 107, 107, 107, 107, 107, 107, 107, 107, 107, 107, 107, 107, 107, 107, 107, 107, 107, 107, 107, 107, 107, 109.11, 107, 108.06, 109.97, 111, 111, 111, 111, 111, 111, 111.11, 114.67, 115.05, 117.29, 118.74, 119.38]
                 round 2 per-second ms to first draw p50 (yield + input + simulation): [5.4, 5.6, 5.3, 5.6, 7.1, 6.9, 7.3, 7, 7.1, 7.2, 7, 7, 6.9, 7.2, 7.1, 6.9, 7.2, 7, 7.1, 6.9, 6.9, 7, 7, 7.2, 6.8, 7.1, 7.1, 6.9, 6.9, 7.1, 7.2, 7, 6.7, 7.2, 6.8, 6.9, 7, 6.9, 6.9, 7.1, 7, 7, 7.3, 6.9, 7.3, 11.7, 12.3, 12.1, 11.9, 10.5, 10.3, 10, 10.2, 10.4, 10.3, 10.1, 7.3, 7.6, 8.9, 12.9, 11.4]
                 round 2 per-second ms first draw to swap p50 (render submission):    [1.4, 14.3, 15.5, 15.9, 16.2, 16.5, 16, 17, 16.3, 16, 15.5, 15.9, 15.1, 15.3, 15.2, 15.3, 15.9, 16.2, 15, 15.7, 15.1, 15.2, 15.2, 15.7, 15.3, 15, 15.4, 15.1, 15, 15.5, 15.2, 15.4, 15.5, 15.7, 15.9, 15.5, 16, 15.3, 15.4, 15.6, 15.4, 15.9, 15.6, 15.6, 15.4, 15.4, 15.4, 15.8, 17.2, 16.4, 15.5, 15.9, 15.8, 16, 15.5, 15.7, 15.5, 17, 17.1, 17.4, 15.8]
                 round 2 per-second raw_ms_max (screenshot hitches stay visible here, excluded from every statistic): [26.6, 24.5, 24.4, 25.4, 44, 28.5, 26.9, 32.8, 27.3, 26.2, 25.6, 25.4, 25.5, 25.7, 26.3, 27.1, 31.1, 27.2, 25.1, 25.9, 24.3, 27.2, 34.9, 27.8, 25.1, 24.3, 27.7, 25.3, 24.5, 24.5, 26, 25.3, 24.6, 26.7, 25.7, 41.5, 27.5, 26.8, 25.2, 27.1, 26, 27.4, 27.7, 25.2, 25.4, 78.6, 44.9, 44, 46.1, 42.2, 49, 35.5, 35.4, 36.2, 36.2, 34.6, 34.2, 46.8, 67.5, 45.3, 39.2]
                 round 2 screenshots excluded: r2-06s at 6.01 s (170.3 ms), r2-30s at 30.2 s (187.9 ms), r2-50s at 50.42 s (217.2 ms)
                 round 3 measured 0.53 s -> 59.1 s (ends at human_death; human death at 59.1 s); pre-round overlay-only frames skipped: 76 at 11.07 draws/frame, 6.4 ms p50, split at 41 draws
                 round 3 frame split p50 (in swap / to first draw / first draw to swap) ms: early 0 / 6.1 / 17.1; late 0 / 7.9 / 15.6; in-swap p90/max early 0.1/1.5, late 0/1.3
                 round 3 per-second ms_p50:        [6.6, 21.9, 24.1, 23.1, 26.6, 23.6, 22.8, 23, 24.7, 22.6, 21.5, 21.7, 21.3, 21, 21, 21, 20.9, 21.7, 21.1, 21, 21.6, 21.2, 21.4, 20.9, 21.2, 20.9, 21.1, 21.5, 21.7, 22.3, 21.8, 21.5, 22, 21.5, 21.7, 22.9, 23.6, 22.4, 21.6, 23.5, 23.8, 21.4, 22.7, 24.8, 24.5, 29.9, 29.9, 30.6, 30.7, 28.8, 28.8, 27.8, 26.2, 25.9, 25.6, 25.2, 22.4, 22.9, 23.7, 26.1, 26]
                 round 3 per-second draws/frame:   [24.76, 70.98, 88.56, 89, 113.14, 117.03, 111, 111, 110.1, 110, 109.11, 109, 108.11, 108, 107.15, 107, 107, 107, 107, 107, 107, 107, 107, 107, 107, 107, 107, 107, 107, 107, 107, 107, 107, 107, 107, 107, 107, 107, 107, 107, 107, 107, 107, 107, 107, 109.17, 108.15, 109, 109, 109, 109.4, 110.88, 111, 111, 111, 111, 112.07, 114.21, 116.97, 118.67, 119.42]
                 round 3 per-second ms to first draw p50 (yield + input + simulation): [5.2, 5.8, 6.1, 5.7, 7.5, 6.9, 7.3, 7.3, 7, 7, 6.6, 6.8, 6.6, 6.7, 6.6, 6.6, 6.3, 6.8, 6.6, 6.7, 6.8, 6.5, 6.6, 6.5, 6.9, 6.5, 6.6, 6.8, 6.7, 6.9, 6.8, 6.6, 7.1, 6.7, 6.8, 7, 7.1, 6.9, 6.7, 7.3, 7.2, 6.7, 7, 7.1, 7.4, 12.7, 12.1, 12.7, 12.3, 11.7, 11.7, 10.6, 10.2, 9.6, 9.7, 9.4, 7.2, 6.9, 7.9, 11.3, 11]
                 round 3 per-second ms first draw to swap p50 (render submission):    [1.4, 16, 17.8, 17.5, 18.9, 16.5, 15.7, 15.9, 17.3, 15.6, 14.8, 15.2, 14.7, 14.7, 14.6, 14.6, 14.5, 14.8, 14.5, 14.5, 14.7, 14.7, 14.8, 14.3, 14.5, 14.4, 14.5, 14.6, 14.9, 15, 15.4, 14.9, 15, 14.7, 14.9, 15.7, 16.5, 15.5, 15, 16.7, 16.5, 14.8, 15.7, 17.7, 17.1, 16.6, 16.4, 17.6, 17.8, 16.6, 16.9, 16.8, 15.8, 15.7, 15.7, 15.4, 15.6, 15.5, 15.6, 15.1, 14.9]
                 round 3 per-second raw_ms_max (screenshot hitches stay visible here, excluded from every statistic): [22.6, 24.6, 40, 26.4, 31.1, 26.5, 25.4, 26.3, 30, 27.7, 27.6, 29.2, 26.4, 23.2, 24.2, 23.8, 23.3, 28.1, 26.5, 25, 24.1, 27.1, 24.8, 24, 24.9, 24.1, 24.5, 25.9, 25.9, 26.8, 47.3, 24.6, 28.8, 24.3, 23.5, 27.8, 26.9, 25.3, 26.5, 28.8, 27.3, 26.7, 25.7, 27.8, 27.8, 58.7, 44.8, 54.8, 41.4, 40.1, 40.5, 40.4, 43.6, 41.5, 37.1, 42.2, 35.4, 36.6, 48.6, 39.5, 44.3]
                 round 3 screenshots excluded: r3-06s at 6.04 s (160.7 ms), r3-30s at 30.22 s (175.5 ms), r3-50s at 50.42 s (200.1 ms)
                 round 1 (setup) pre-round overlay-only frames: 90 at 19.06 draws/frame -- the no-geometry scene the floor is calibrated from
                 VALID: 2 rounds at cpu 6x; late ms p50 25.1/23.8; late draws/frame 114.07/113.31 (floor 18.05); spans 0.54-59.11 s/0.53-59.1 s; late shots r2-50s / r3-50s; swaps finish 12168 / flush 0
nomirror-r2     2  60.8    22.10   23.90     1.08        95.8      113.6        1.19   179.4            8   6 VALID  
nomirror-r2     3  60.7    20.80   27.80     1.34        90.3      114.0        1.26   181.8            7   6 VALID  
                 swaps: finish 11802, flush 0 (which of glFinish/glFlush ended the 11802 sampled frames); human: web_user
                 round 2 measured 0.53 s -> 59.12 s (ends at human_death; human death at 59.12 s); pre-round overlay-only frames skipped: 76 at 16.18 draws/frame, 6.2 ms p50, split at 46 draws
                 round 2 frame split p50 (in swap / to first draw / first draw to swap) ms: early 0 / 5.8 / 15.9; late 0 / 7.8 / 15.7; in-swap p90/max early 0/1.1, late 0/1.3
                 round 2 per-second ms_p50:        [6.5, 20.2, 21.6, 22.1, 24.8, 25, 23.5, 24.7, 24.7, 24.1, 24.8, 23.9, 23.5, 25.6, 24.9, 25, 25.2, 25, 25, 25.6, 25.8, 25.2, 23.9, 23.6, 25.1, 23.9, 23.9, 24.5, 25.2, 25.7, 24.4, 24.2, 24.8, 23.8, 23.9, 23.8, 25, 25.2, 24.5, 24.8, 23.9, 24.6, 24.6, 24.7, 23.2, 26.7, 27.7, 27.7, 27, 27.8, 25.1, 26.2, 25.6, 25.5, 26, 25, 22.2, 22.8, 23.3, 27.3, 26.4]
                 round 2 per-second draws/frame:   [30.74, 75.98, 94.62, 95, 119.28, 122.77, 118.05, 118, 114.48, 114, 111.37, 111, 108.43, 108, 107.13, 107, 107, 107, 107, 107, 107, 107, 107, 107, 107, 107, 107, 107, 107, 107, 107, 107, 107, 107, 107, 107, 107, 107, 107, 107, 107, 107, 107, 107, 107, 109.11, 107, 107.24, 110.78, 111, 111, 111, 111, 111, 111, 111, 112.58, 114.9, 117.08, 118.69, 118.59]
                 round 2 per-second ms to first draw p50 (yield + input + simulation): [5.1, 5.6, 5.6, 5.4, 7.1, 7.5, 7.1, 7, 7.2, 7.3, 7.3, 7.4, 7.3, 7.6, 7.7, 7.5, 7.7, 7.4, 7.2, 7.4, 7.4, 7.5, 7.3, 7.1, 7.4, 7.2, 7.4, 7.6, 7.7, 7.7, 7.4, 7.3, 7.5, 7.2, 7.3, 7.3, 7.7, 7.5, 7.4, 7.4, 7.5, 7.5, 7.3, 7.5, 7.2, 11.5, 12.5, 12.1, 11.2, 11, 9.7, 10.2, 10.1, 10.2, 10.3, 9.3, 7, 7.3, 7.6, 11.7, 11.1]
                 round 2 per-second ms first draw to swap p50 (render submission):    [1.3, 14.8, 16.1, 16.7, 17.9, 17.8, 16.8, 17.1, 16.9, 16.6, 17.3, 16.7, 15.9, 18.2, 17.3, 17.3, 17.4, 17.5, 17.5, 18, 18.1, 17.7, 16.6, 16.3, 17.6, 16.5, 16.4, 17, 17.5, 18, 17.2, 17, 17.3, 16.4, 16.5, 16.5, 17.3, 17.4, 17, 17.2, 16.7, 17.3, 17.3, 17.1, 15.9, 15.1, 15.5, 15.9, 15.8, 16.9, 15.2, 15.9, 15.4, 15.5, 16, 15.6, 15.5, 15.9, 15.7, 14.7, 14.8]
                 round 2 per-second raw_ms_max (screenshot hitches stay visible here, excluded from every statistic): [22.4, 24.4, 29.6, 30.4, 46.4, 27.9, 28, 28.4, 28.2, 28.1, 28, 28.1, 28.3, 37.8, 32.4, 31.7, 27.4, 28.3, 29.1, 28.2, 29, 28.9, 26.6, 26.9, 27.6, 25.7, 27.4, 28.6, 28, 34.7, 29.8, 29.4, 28.6, 26.6, 26.6, 26.9, 29.2, 46.6, 27.5, 27.4, 28.7, 28.2, 27.7, 34.7, 27.4, 84.3, 53.8, 54.9, 34.1, 65.6, 40.4, 54.2, 33, 50.9, 37.8, 45.3, 30.8, 46.7, 58.7, 41.2, 39]
                 round 2 screenshots excluded: r2-06s at 6.11 s (173.3 ms), r2-30s at 30.29 s (193.8 ms), r2-50s at 50.48 s (184.9 ms)
                 round 3 measured 0.53 s -> 59.12 s (ends at human_death; human death at 59.12 s); pre-round overlay-only frames skipped: 77 at 11.05 draws/frame, 6.2 ms p50, split at 41 draws
                 round 3 frame split p50 (in swap / to first draw / first draw to swap) ms: early 0 / 5.7 / 15.1; late 0 / 9 / 18.5; in-swap p90/max early 0.1/1.3, late 0.1/1.2
                 round 3 per-second ms_p50:        [6.6, 19.3, 21.2, 20.6, 23.5, 22.7, 23.2, 22.9, 22.8, 23.1, 26.6, 24.6, 25.2, 24, 24.5, 24.2, 24.1, 24.7, 25.1, 24.4, 24.4, 25.5, 25.3, 24.3, 25.3, 25.3, 24.5, 24.8, 24.9, 25, 24.8, 25, 24.9, 23.9, 24.1, 24.1, 24.3, 29.1, 24.6, 25.1, 24.9, 25.5, 25.5, 27.1, 25.7, 31.3, 31.7, 31.9, 30.9, 29.6, 31.6, 28.9, 30.1, 29.1, 30.3, 28.1, 27.9, 26.7, 26.7, 29.6, 29.6]
                 round 3 per-second draws/frame:   [25.5, 70.98, 88.25, 89, 113.19, 117.03, 111, 111, 110.07, 110, 109.08, 109, 108.08, 108, 107.08, 107, 107, 107, 107, 107, 107, 107, 107, 107, 107, 107, 107, 107, 107, 107, 107, 107, 107, 107, 107, 107, 107, 107, 107, 107, 107, 107, 107, 107, 107, 109.13, 107, 107, 107.13, 109, 110.71, 111, 111, 111, 111, 111, 112.88, 115, 118.03, 118.45, 118.83]
                 round 3 per-second ms to first draw p50 (yield + input + simulation): [5, 5.3, 5.5, 5.3, 7.1, 7, 7, 6.7, 7, 7, 7.8, 7.5, 7.3, 7.1, 7.5, 7.2, 7.1, 7.4, 7.6, 7.6, 7.2, 7.5, 7.6, 7.5, 7.7, 7.3, 7.2, 7.3, 7.4, 7.5, 7.4, 7.8, 7.3, 7.3, 7.3, 7.1, 7.4, 8, 7.5, 7.5, 7.4, 7.5, 7.8, 7.7, 7.4, 13, 14, 14, 13.8, 12.8, 13, 11.3, 11.6, 11.3, 11.7, 10.7, 8.1, 7.7, 8.9, 13, 12.5]
                 round 3 per-second ms first draw to swap p50 (render submission):    [1.4, 13.9, 15.1, 15.4, 16.1, 15.7, 15.7, 15.6, 15.7, 16.1, 18.8, 17.5, 17.8, 16.8, 17, 17, 17, 17.2, 17.3, 16.8, 16.8, 18.1, 17.6, 16.9, 17.4, 18.2, 17.3, 17.3, 17.5, 17.7, 17.5, 17.5, 17.2, 16.6, 16.7, 16.9, 17, 21.1, 17, 17.6, 17.7, 17.9, 17.9, 18.8, 18.5, 17.8, 17.3, 17.4, 17.4, 17.1, 18, 17.5, 18, 17.5, 18.6, 17.7, 19.7, 19, 17.3, 16.4, 15.7]
                 round 3 per-second raw_ms_max (screenshot hitches stay visible here, excluded from every statistic): [22.8, 23.7, 22.9, 24.1, 35.2, 25.5, 26.8, 24.6, 25.2, 28.6, 38.7, 29, 28.2, 26.9, 29, 26.5, 27, 28.5, 28, 27, 27, 29.3, 27.7, 27.5, 29.8, 29.4, 28.5, 29.4, 39.9, 28.2, 30.6, 29.3, 27.6, 25.9, 43.1, 26.5, 27.3, 34.3, 31.5, 27.8, 26.9, 28.3, 28.9, 29.4, 32.4, 83.8, 64.3, 59.7, 54.5, 44.7, 45.8, 46.3, 41.6, 41.9, 40.9, 38.1, 42.7, 42.2, 52, 45.3, 42.6]
                 round 3 screenshots excluded: r3-06s at 6.02 s (197.4 ms), r3-30s at 30.24 s (170.1 ms), r3-50s at 50.44 s (219.6 ms)
                 round 1 (setup) pre-round overlay-only frames: 93 at 18.05 draws/frame -- the no-geometry scene the floor is calibrated from
                 VALID: 2 rounds at cpu 6x; late ms p50 23.9/27.8; late draws/frame 113.64/113.98 (floor 18.05); spans 0.53-59.12 s/0.53-59.12 s; late shots r2-50s / r3-50s; swaps finish 11802 / flush 0
nomirror-r3     2  60.8    21.90   23.70     1.08        95.2      114.3        1.20   179.3            5   6 VALID  
nomirror-r3     3  60.8    21.20   26.10     1.23        90.3      113.6        1.26   181.8            4   6 VALID  
                 swaps: finish 11962, flush 0 (which of glFinish/glFlush ended the 11962 sampled frames); human: web_user
                 round 2 measured 0.53 s -> 59.11 s (ends at human_death; human death at 59.11 s); pre-round overlay-only frames skipped: 71 at 15.2 draws/frame, 6.8 ms p50, split at 45 draws
                 round 2 frame split p50 (in swap / to first draw / first draw to swap) ms: early 0 / 5.8 / 15.9; late 0 / 7.9 / 15.8; in-swap p90/max early 0.1/1.2, late 0/1.2
                 round 2 per-second ms_p50:        [7.1, 20.3, 21.8, 22.1, 23.4, 23.6, 23, 23.6, 23.5, 22.6, 23.4, 23.6, 24.5, 22.9, 24.7, 23.6, 26.5, 25.7, 25.2, 25.3, 25.2, 25.5, 25.6, 26.2, 25.5, 25, 25.3, 25.3, 25.4, 26.1, 25.1, 24.9, 24.6, 22.3, 22.3, 24, 24.9, 24.9, 23.9, 24.5, 23.7, 23.6, 22.5, 24.3, 24.3, 28.5, 31.4, 30.4, 25.8, 28.7, 28.6, 26.4, 26.8, 25.6, 24.2, 24.7, 22.8, 23.1, 24.3, 26.4, 26.6]
                 round 2 per-second draws/frame:   [29.59, 74.96, 93.63, 94, 118.21, 121.85, 117, 117, 114.36, 114, 111.42, 111, 108.44, 108, 107.18, 107, 107, 107, 107, 107, 107, 107, 107, 107, 107, 107, 107, 107, 107, 107, 107, 107, 107, 107, 107, 107, 107, 107, 107, 107, 107, 107, 107, 107, 107, 109, 107, 107.38, 110.79, 111, 111.56, 113, 113, 113, 113, 113, 113, 114.38, 117.13, 119.44, 119.97]
                 round 2 per-second ms to first draw p50 (yield + input + simulation): [5.6, 5.5, 5.4, 5.5, 7.1, 7.2, 7.1, 7, 7.2, 7, 7.1, 7, 7.4, 7, 7.4, 7.3, 7.8, 7.5, 7.5, 7.3, 7.4, 7.7, 7.7, 7.7, 7.5, 7.4, 7.3, 7.5, 7.6, 7.8, 7.4, 7.5, 7.4, 7.1, 6.8, 7.5, 7.8, 7.2, 7.3, 7.2, 7.2, 7.3, 7.1, 7.3, 7.4, 12, 13.6, 12.9, 10.3, 10.8, 10.2, 9.5, 9.4, 9.1, 8.9, 8.6, 7.1, 7.3, 8, 11.4, 11]
                 round 2 per-second ms first draw to swap p50 (render submission):    [1.3, 14.4, 16.4, 16.4, 16.3, 16.2, 16.1, 16.5, 16.3, 15.6, 15.9, 16.7, 16.9, 15.6, 17, 16.1, 18.7, 18.1, 17.5, 18, 17.8, 17.8, 18.2, 18.5, 17.9, 17.7, 17.8, 17.6, 17.8, 18.1, 17.5, 17.4, 17.3, 15.3, 15.4, 16.4, 17.5, 17.4, 16.6, 17.2, 16.7, 16.1, 15.2, 16.4, 17, 17.1, 17.6, 16.9, 15.7, 17, 17.2, 16.9, 17.1, 16.6, 15.5, 16, 15.7, 15.7, 16, 14.5, 15.5]
                 round 2 per-second raw_ms_max (screenshot hitches stay visible here, excluded from every statistic): [23, 24.3, 26.9, 26.7, 25.9, 40.6, 29.9, 27.1, 27.5, 25.3, 27.7, 27.4, 27.3, 25.5, 28.2, 27.4, 38.6, 28, 28.9, 29, 29, 30.6, 39.7, 28.2, 28.4, 28.3, 27.4, 27, 30.4, 28.4, 28.6, 27.6, 28.8, 25.7, 24.9, 27.1, 33.8, 29.1, 45, 26.9, 26.9, 27.6, 26, 27.3, 28.3, 74.4, 63.6, 43.5, 37.1, 65.6, 39.4, 51.4, 36.5, 48.1, 34.7, 45.2, 30.2, 45, 66.5, 46.5, 42.5]
                 round 2 screenshots excluded: r2-06s at 6.07 s (176.5 ms), r2-30s at 30.25 s (182.7 ms), r2-50s at 50.45 s (183.8 ms)
                 round 3 measured 0.53 s -> 59.11 s (ends at human_death; human death at 59.11 s); pre-round overlay-only frames skipped: 76 at 11.07 draws/frame, 6.2 ms p50, split at 41 draws
                 round 3 frame split p50 (in swap / to first draw / first draw to swap) ms: early 0 / 5.8 / 15.5; late 0 / 8.2 / 16.8; in-swap p90/max early 0/1.2, late 0/1
                 round 3 per-second ms_p50:        [6.7, 19.8, 21.3, 20.8, 23.6, 23.3, 22.7, 23, 22.3, 22.4, 22.9, 23, 22.6, 22.3, 22.7, 22.4, 22.6, 22.4, 22.6, 22.3, 23, 22.5, 23.2, 22.6, 22.2, 22.7, 22.4, 22.2, 22.7, 22.7, 24.4, 24.5, 23.3, 23.6, 23.4, 23.2, 23.8, 23.6, 23.5, 23.3, 22.8, 23.5, 23.6, 23.3, 23.5, 27.4, 27.4, 26.4, 25.6, 25.9, 27.7, 26.5, 28.8, 27, 28.5, 27, 24.5, 24.2, 24.6, 25.4, 26.9]
                 round 3 per-second draws/frame:   [25.21, 70.98, 88.62, 89, 112.98, 116.77, 111, 111, 110.05, 110, 109.07, 109, 108.09, 108, 107.09, 107, 107, 107, 107, 107, 107, 107, 107, 107, 107, 107, 107, 107, 107, 107, 107, 107, 107, 107, 107, 107, 107, 107, 107, 107, 107, 107, 107, 107, 107, 109.06, 108.14, 110.09, 111, 111, 111, 111, 111, 111, 111, 111, 112.4, 114.9, 116.94, 118.76, 119.52]
                 round 3 per-second ms to first draw p50 (yield + input + simulation): [5, 5.5, 5.4, 5.5, 6.9, 7.1, 6.7, 7, 7, 7, 7, 7.1, 7.1, 6.8, 6.9, 6.9, 6.7, 6.9, 6.9, 6.9, 7, 7, 7, 7.2, 6.9, 7.1, 6.8, 6.7, 6.9, 6.9, 7.5, 7.4, 7, 7.1, 7.1, 7.1, 7, 7.1, 6.9, 7, 7, 7, 7.3, 7.2, 7.2, 11.9, 11.8, 10.9, 10.3, 10.1, 10.5, 10.1, 10.8, 10.1, 10.9, 10, 7.5, 7.7, 8.1, 11, 11.6]
                 round 3 per-second ms first draw to swap p50 (render submission):    [1.4, 14.4, 15.9, 15.3, 16.3, 16.4, 16, 15.8, 15.4, 15.5, 15.9, 16.3, 15.5, 15.3, 15.7, 15.5, 15.7, 15.7, 15.6, 15.2, 15.7, 15.7, 16, 15.6, 15.4, 15.5, 15.5, 15.4, 15.5, 15.6, 16.9, 16.4, 16.4, 16.4, 16.3, 15.7, 16.4, 16.1, 16.6, 16.2, 16, 16.5, 16.7, 16.3, 16.2, 16.2, 15.7, 15.8, 15.7, 15.8, 17.1, 16.2, 17.3, 16.7, 17.4, 17.2, 16.4, 16.8, 16.3, 14.9, 15.3]
                 round 3 per-second raw_ms_max (screenshot hitches stay visible here, excluded from every statistic): [22, 24.3, 24, 22.7, 25.7, 40.5, 25, 25.3, 25.9, 25.5, 26.2, 28.7, 24.8, 26, 25.8, 24.1, 26, 26.6, 25.7, 24.2, 30.3, 25.4, 27.6, 24.2, 25.4, 24.9, 26, 25.5, 25, 25.6, 27.9, 32.5, 29.4, 41.6, 27.7, 26, 27.2, 30.2, 27.3, 27.9, 26.9, 30.3, 28.5, 28.1, 26.8, 69.1, 50.3, 40.7, 40.2, 43.7, 41.7, 43.1, 35, 42.1, 43.4, 43.5, 36.8, 39.9, 70.8, 39.4, 39.1]
                 round 3 screenshots excluded: r3-06s at 6.04 s (163.4 ms), r3-30s at 30.22 s (183.8 ms), r3-50s at 50.43 s (192.7 ms)
                 round 1 (setup) pre-round overlay-only frames: 94 at 19.05 draws/frame -- the no-geometry scene the floor is calibrated from
                 VALID: 2 rounds at cpu 6x; late ms p50 23.7/26.1; late draws/frame 114.33/113.59 (floor 18.05); spans 0.53-59.11 s/0.53-59.11 s; late shots r2-50s / r3-50s; swaps finish 11962 / flush 0
sp-walls150-probe  2  60.8    23.60   24.80     1.05        95.0      111.9        1.18   179.1            6   6 VALID  
sp-walls150-probe  3  60.8    21.00   26.00     1.24        90.3      113.5        1.26   181.9            3   6 VALID  
                 swaps: finish 11733, flush 0 (which of glFinish/glFlush ended the 11733 sampled frames); human: web_user
                 round 2 measured 0.54 s -> 59.12 s (ends at human_death; human death at 59.12 s); pre-round overlay-only frames skipped: 69 at 15.2 draws/frame, 6.6 ms p50, split at 45 draws
                 round 2 frame split p50 (in swap / to first draw / first draw to swap) ms: early 0 / 6.1 / 17.5; late 0 / 8.2 / 16; in-swap p90/max early 0.1/1.3, late 0/1.2
                 round 2 per-second ms_p50:        [7.1, 22.1, 23.2, 23.8, 26.1, 26, 27.3, 26.8, 25.5, 25.8, 25.6, 25.4, 25.2, 25.3, 25.4, 25.2, 25.4, 24.7, 24.5, 24.6, 25, 25, 24.9, 24.6, 25.3, 24.9, 25.1, 24.4, 24.4, 24.5, 25.7, 26.3, 24.6, 23.6, 24.2, 25, 23.5, 22.5, 22.8, 23.3, 22.8, 23, 22.8, 23.1, 22.9, 27.1, 27.8, 28.1, 27.3, 27.6, 27.4, 28.1, 26.6, 26.4, 27.9, 25.2, 22.6, 23.1, 25.7, 26.1, 26.4]
                 round 2 per-second draws/frame:   [29.42, 74.98, 93.16, 94, 117.53, 122.08, 117, 117, 114.38, 114, 111.38, 111, 108.45, 108, 107.18, 107, 107, 107, 107, 107, 107, 107, 107, 107, 107, 107, 107, 107, 107, 107, 107, 107, 107, 107, 107, 107, 107, 107, 107, 107, 107, 107, 107, 107, 107, 109.39, 107, 108.06, 109, 109, 109, 110.03, 111, 111, 111, 111, 111, 111, 114.56, 116.53, 117.57]
                 round 2 per-second ms to first draw p50 (yield + input + simulation): [5.5, 5.9, 5.8, 5.8, 7.4, 7.3, 7.7, 7.7, 7.7, 7.3, 7.3, 7.4, 7.5, 7.4, 7.7, 7.5, 7.5, 7.6, 7.3, 7.3, 7.5, 7.3, 7.4, 7.5, 7.2, 7.4, 7.6, 7.3, 7.6, 7.4, 7.4, 7.6, 7.2, 7.1, 7.1, 7.2, 7.1, 7, 6.8, 7, 7.1, 6.9, 6.9, 7.1, 7, 11.6, 11.9, 12.2, 11.2, 11.3, 11.1, 10.9, 10.5, 10.4, 10.4, 9.7, 7.2, 7.1, 8.2, 11.1, 11.1]
                 round 2 per-second ms first draw to swap p50 (render submission):    [1.3, 16.1, 17.8, 17.9, 18.6, 18.6, 19, 19, 18.2, 18.2, 18.1, 17.8, 17.7, 17.9, 18.4, 17.6, 17.8, 17.1, 17.2, 17.1, 17.3, 17.7, 17.3, 17.3, 17.8, 17.5, 17.7, 17.2, 16.9, 17.2, 18.1, 18.6, 17.1, 16.4, 16.4, 17.6, 16.1, 15.7, 15.7, 16.1, 15.8, 15.8, 15.9, 15.6, 15.9, 16, 16.2, 15.8, 16.1, 16.2, 15.8, 16.3, 16.2, 16.1, 17.3, 15.7, 15.5, 15.7, 16.6, 14.9, 14.8]
                 round 2 per-second raw_ms_max (screenshot hitches stay visible here, excluded from every statistic): [26.6, 26.5, 25.9, 26.3, 31.5, 32.2, 29.9, 45.5, 29.5, 28.2, 29, 28.4, 27.7, 27.8, 30.6, 30, 30.7, 28.3, 30.6, 27.9, 27, 27.7, 27, 32.2, 28.8, 27.5, 28.6, 26.3, 27.3, 27.9, 29.2, 32.7, 32.9, 28.3, 28.1, 29.8, 25.7, 26.9, 26.4, 29.2, 38.7, 29.3, 24.9, 25.2, 27.3, 69.3, 49.5, 52.1, 34.3, 50.2, 34.4, 36.1, 42.1, 41.1, 50.4, 41.7, 36.3, 30.1, 77.7, 47.6, 41.6]
                 round 2 screenshots excluded: r2-06s at 6.04 s (189.8 ms), r2-30s at 30.24 s (198.5 ms), r2-50s at 50.45 s (195.3 ms)
                 round 3 measured 0.53 s -> 59.12 s (ends at human_death; human death at 59.12 s); pre-round overlay-only frames skipped: 78 at 11.06 draws/frame, 6.1 ms p50, split at 41 draws
                 round 3 frame split p50 (in swap / to first draw / first draw to swap) ms: early 0 / 5.6 / 15.5; late 0 / 8.1 / 17.6; in-swap p90/max early 0/1.4, late 0.1/1.2
                 round 3 per-second ms_p50:        [6.5, 19.9, 20.6, 20.8, 23.3, 23.3, 23.1, 23.2, 22.5, 22.7, 23.9, 24, 24.4, 23.8, 24.8, 25, 22.9, 22.9, 24, 22.6, 22.8, 23.9, 23.4, 24.4, 24.8, 25.9, 26.9, 25.4, 25.2, 25.6, 25.3, 26, 24.6, 24, 24.5, 24.4, 24.6, 24.9, 25.5, 25.2, 25.2, 25, 24.4, 24.9, 25.8, 29.6, 31.5, 31.7, 28, 27.3, 28.3, 27.4, 27, 27.2, 27.2, 26.6, 24.4, 25.4, 26.4, 30.2, 30.3]
                 round 3 per-second draws/frame:   [24.93, 70.96, 88.25, 89, 113.19, 116.67, 111, 111, 110.05, 110, 109.07, 109, 108.07, 108, 107.1, 107, 107, 107, 107, 107, 107, 107, 107, 107, 107, 107, 107, 107, 107, 107, 107, 107, 107, 107, 107, 107, 107, 107, 107, 107, 107, 107, 107, 107, 107, 109.13, 107, 108.29, 112.03, 113, 113, 113, 113, 113, 113, 113, 113, 113, 114.71, 116.65, 117.67]
                 round 3 per-second ms to first draw p50 (yield + input + simulation): [4.9, 5.3, 5.4, 5.3, 6.9, 7.1, 7.3, 7.1, 7.1, 7, 7, 7.3, 7.2, 7.3, 7.4, 7.4, 7.1, 6.8, 7.5, 6.7, 7, 7.3, 7, 7.1, 7.1, 7.6, 7.4, 7.4, 7.3, 7.4, 7.5, 7.5, 7.2, 7.2, 7.4, 7.2, 7.6, 7.4, 7.3, 7.3, 7.4, 7.4, 7.2, 7.3, 7.7, 12.8, 13.2, 13.4, 10.6, 9.5, 9.7, 9.7, 9.3, 9.5, 9.5, 8.9, 7.4, 7.7, 8.1, 12.4, 12.8]
                 round 3 per-second ms first draw to swap p50 (render submission):    [1.4, 14.6, 15.5, 15.5, 16.3, 16.3, 15.9, 15.8, 15.4, 15.4, 16.7, 16.5, 17, 16.4, 17.2, 17.4, 15.7, 15.8, 16.5, 15.8, 15.8, 16.7, 16.5, 17.3, 17.4, 18.4, 19.2, 18.1, 18, 18, 18.1, 18.5, 17.2, 16.7, 16.9, 17.2, 17.2, 17.4, 18.1, 17.7, 17.9, 17.5, 17.3, 17.7, 18.5, 17.7, 18.3, 18, 17.3, 17.4, 18.1, 18, 17.8, 17.8, 17.8, 17.4, 17.1, 17.7, 17.8, 17, 16.7]
                 round 3 per-second raw_ms_max (screenshot hitches stay visible here, excluded from every statistic): [21.9, 22.3, 22.7, 24.8, 27.1, 27.3, 40.7, 26.5, 26.7, 25.6, 27.5, 26.6, 32.2, 30.3, 29.3, 30.9, 25.4, 25.8, 27.3, 25.5, 26.3, 28.9, 30.9, 27.4, 28.8, 27.8, 29.3, 29.7, 29.5, 32.4, 29, 30.2, 29.4, 26.8, 28, 28.7, 45.5, 28.5, 31.5, 28.6, 28.1, 29.1, 27.9, 27.6, 29.9, 72.9, 50.4, 49.1, 41.1, 45.2, 37.7, 44.5, 38.6, 40.3, 37.2, 41.2, 39.5, 35.9, 73.7, 45, 42.5]
                 round 3 screenshots excluded: r3-06s at 6.07 s (172.8 ms), r3-30s at 30.25 s (175.2 ms), r3-50s at 50.44 s (198.5 ms)
                 round 1 (setup) pre-round overlay-only frames: 92 at 19.05 draws/frame -- the no-geometry scene the floor is calibrated from
                 VALID: 2 rounds at cpu 6x; late ms p50 24.8/26; late draws/frame 111.87/113.47 (floor 18.05); spans 0.54-59.12 s/0.53-59.12 s; late shots r2-50s / r3-50s; swaps finish 11733 / flush 0
walls150-r1     2  60.9    24.00   24.10     1.00        95.9      115.9        1.21   178.8            7   6 VALID  
walls150-r1     3  60.7    21.50   24.60     1.14        90.7      111.6        1.23   181.2            4   6 VALID  
                 swaps: finish 11768, flush 0 (which of glFinish/glFlush ended the 11768 sampled frames); human: web_user
                 round 2 measured 0.54 s -> 59.12 s (ends at human_death; human death at 59.12 s); pre-round overlay-only frames skipped: 65 at 16.22 draws/frame, 7.3 ms p50, split at 46 draws
                 round 2 frame split p50 (in swap / to first draw / first draw to swap) ms: early 0 / 6 / 17.8; late 0 / 7.5 / 16.4; in-swap p90/max early 0.1/1.3, late 0.1/1.4
                 round 2 per-second ms_p50:        [7.6, 22, 23.5, 24.2, 26.2, 26.4, 25.9, 27.6, 25.8, 25.4, 24.9, 25.8, 25.1, 24.6, 25, 24.4, 25.3, 24.6, 24.4, 25.3, 24.7, 24.5, 25.4, 25.6, 25.3, 24.8, 24.5, 25.1, 24.7, 24.7, 26.2, 24.2, 24.8, 24.4, 25, 25.2, 24.3, 25, 24.5, 24.7, 24.3, 25, 24.4, 25.1, 24.5, 29.5, 32.5, 32.9, 30.4, 26.5, 26.4, 24.5, 24.4, 23.7, 22.7, 23.8, 24.2, 23.6, 25.9, 29.1, 29.2]
                 round 2 per-second draws/frame:   [30.57, 75.96, 94.16, 95, 118.95, 122.78, 118, 118, 114.65, 114, 111.46, 111, 108.53, 108, 107.2, 107, 107, 107, 107, 107, 107, 107, 107, 107, 107, 107, 107, 107, 107, 107, 107, 107, 107, 107, 107, 107, 107, 107, 107, 107, 107, 107, 107, 107, 107, 109.19, 107, 107.07, 109.25, 113.27, 115, 115.95, 115, 115, 116.07, 117, 117, 114.8, 113.97, 114.38, 113.47]
                 round 2 per-second ms to first draw p50 (yield + input + simulation): [5.7, 5.8, 5.7, 5.7, 7.6, 7.6, 7.5, 7.7, 7.6, 7.8, 7.4, 7.4, 7.4, 7.5, 7.4, 7.3, 7.6, 7.4, 7.4, 7.7, 7.7, 7.4, 7.7, 7.5, 7.5, 7.3, 7.6, 7.5, 7.6, 7.9, 8.3, 7.4, 7.3, 7.4, 7.4, 7.5, 7.3, 7.5, 7.6, 7.5, 7.4, 7.5, 7.4, 7.5, 7.5, 12.8, 14.5, 14, 12.7, 8.1, 7.5, 7.3, 7.5, 7.4, 7, 7.5, 7.2, 7.5, 8.4, 12.7, 12.5]
                 round 2 per-second ms first draw to swap p50 (render submission):    [1.6, 16.1, 17.5, 18.3, 18.6, 19.3, 18.7, 19.4, 18.2, 17.6, 17.6, 18.2, 17.5, 17, 17.4, 17.4, 17.7, 16.9, 17, 17.9, 17.6, 17.1, 17.9, 18, 17.5, 17.4, 17.1, 17.5, 16.9, 17.1, 18.3, 16.9, 17.4, 16.9, 17.5, 17.2, 17.2, 17.2, 17.2, 17.2, 17, 17.4, 17, 17.8, 17.1, 17.2, 17.8, 18.6, 17.8, 18.3, 18.6, 17.1, 16.8, 16.1, 15.7, 16.4, 16.9, 16.2, 17.4, 15.8, 16.3]
                 round 2 per-second raw_ms_max (screenshot hitches stay visible here, excluded from every statistic): [24.5, 27.2, 27.1, 27.1, 30.5, 29.6, 32.1, 30.3, 51.5, 28.9, 30, 29.1, 29.4, 27.4, 28.5, 27.9, 28.4, 28.2, 27, 32.6, 28, 28, 30.7, 28.5, 33.5, 27.1, 27, 27.1, 28.9, 28, 31.8, 27.6, 27.2, 26.4, 28.1, 29.6, 26.7, 29, 28, 28.6, 27, 45.6, 26.8, 27.7, 28.3, 93.8, 66.8, 64.7, 45.9, 43.4, 41.4, 37.8, 30.5, 30.5, 30.2, 32.1, 29.8, 35.9, 67.1, 37.2, 36.1]
                 round 2 screenshots excluded: r2-06s at 6.09 s (155.9 ms), r2-30s at 30.25 s (193 ms), r2-50s at 50.45 s (191.9 ms)
                 round 3 measured 0.53 s -> 59.1 s (ends at human_death; human death at 59.1 s); pre-round overlay-only frames skipped: 77 at 11.05 draws/frame, 6.1 ms p50, split at 41 draws
                 round 3 frame split p50 (in swap / to first draw / first draw to swap) ms: early 0 / 5.7 / 15.6; late 0 / 7.5 / 16.6; in-swap p90/max early 0/1.3, late 0/1.3
                 round 3 per-second ms_p50:        [6.4, 21.6, 21, 21.1, 23.3, 23, 22.9, 23.1, 22.3, 22.2, 22.4, 22.4, 24, 23.1, 24.5, 22.9, 24.2, 25, 24.1, 22.6, 23.5, 23.2, 23.2, 24.7, 22.9, 23.1, 23.2, 22.9, 22.8, 22.9, 23.2, 23.5, 23.3, 23.7, 22.9, 22.3, 22.6, 22.8, 23, 23.5, 23.7, 24.6, 22.5, 22.8, 22.7, 27.5, 32, 30.6, 28.4, 25.2, 25.2, 24.1, 24.9, 24.4, 25.5, 23.6, 23.2, 24.1, 26.6, 30, 28.1]
                 round 3 per-second draws/frame:   [25.5, 70.98, 88.25, 89, 112.8, 116.93, 111, 111, 110.09, 110, 109.11, 109, 108.12, 108, 107.15, 107, 107, 107, 107, 107, 107, 107, 107, 107, 107, 107, 107, 107, 107, 107, 107, 107, 107, 107, 107, 107, 107, 107, 107, 107, 107, 107, 107, 107, 107, 109.4, 107, 108.2, 110.88, 112.05, 113, 113, 113, 113, 113, 113, 112.76, 109.24, 109.59, 111.1, 112.88]
                 round 3 per-second ms to first draw p50 (yield + input + simulation): [5.1, 5.6, 5.4, 5.4, 6.9, 7.1, 7.3, 7.2, 6.8, 6.9, 6.8, 6.9, 7.1, 7, 7.3, 7.3, 7.3, 7.4, 7.3, 7, 7, 7.2, 7.2, 7.5, 7.3, 7.2, 7.3, 7.1, 7, 6.9, 7, 7.1, 7.1, 7.3, 7.1, 7, 7.1, 7, 7.1, 7.1, 7.2, 7.3, 6.8, 7.2, 7.1, 12.2, 13.9, 13.8, 11.4, 7.7, 7.6, 7.5, 7.3, 7.2, 7.4, 7.1, 7, 7.5, 8.6, 13, 11.2]
                 round 3 per-second ms first draw to swap p50 (render submission):    [1.3, 15.7, 15.5, 15.6, 16, 16.2, 15.7, 16, 15.6, 15.2, 15.4, 15.4, 17.1, 16.1, 17.1, 16, 16.8, 17.6, 16.8, 15.5, 16.4, 16.1, 15.7, 17, 15.6, 16, 15.9, 15.8, 15.7, 15.9, 16.4, 16.6, 16.1, 16.3, 15.5, 15.5, 15.6, 15.7, 15.9, 16.3, 16.3, 17.2, 15.6, 15.9, 15.6, 16.4, 18.2, 17.2, 17.3, 17.5, 16.9, 16.4, 17.3, 16.9, 17.5, 16.4, 15.8, 16.2, 17.4, 17.2, 16.7]
                 round 3 per-second raw_ms_max (screenshot hitches stay visible here, excluded from every statistic): [22.4, 25.1, 24.8, 23.5, 25.5, 27.8, 26.4, 35.8, 26.8, 25.1, 24.8, 27, 30.7, 26.5, 28.6, 27.1, 27.3, 27, 27.6, 25, 25.6, 26.1, 26.9, 36.2, 26.4, 28.8, 28.6, 25.8, 24.7, 25.8, 26.2, 26.2, 28.1, 28, 25, 25.1, 38.8, 26.5, 25.1, 28.7, 28.3, 30.4, 28.6, 27.1, 26.3, 55.7, 44.3, 50.6, 43, 53.2, 33.8, 29.8, 34.5, 31.5, 31.2, 29.3, 33.7, 30.9, 77.2, 53, 42.9]
                 round 3 screenshots excluded: r3-06s at 6.05 s (166.4 ms), r3-30s at 30.23 s (161.6 ms), r3-50s at 50.41 s (198.9 ms)
                 round 1 (setup) pre-round overlay-only frames: 92 at 18.05 draws/frame -- the no-geometry scene the floor is calibrated from
                 VALID: 2 rounds at cpu 6x; late ms p50 24.1/24.6; late draws/frame 115.94/111.63 (floor 18.05); spans 0.54-59.12 s/0.53-59.1 s; late shots r2-50s / r3-50s; swaps finish 11768 / flush 0
walls150-r2     2  60.9    21.70   24.70     1.14        96.0      112.4        1.17   178.5            5   6 VALID  
walls150-r2     3  60.8    21.10   24.40     1.16        90.5      113.2        1.25   181.7            7   6 VALID  
                 swaps: finish 12056, flush 0 (which of glFinish/glFlush ended the 12056 sampled frames); human: web_user
                 round 2 measured 0.53 s -> 59.11 s (ends at human_death; human death at 59.11 s); pre-round overlay-only frames skipped: 76 at 16.18 draws/frame, 6.1 ms p50, split at 46 draws
                 round 2 frame split p50 (in swap / to first draw / first draw to swap) ms: early 0 / 5.9 / 15.8; late 0 / 7.5 / 16.8; in-swap p90/max early 0.1/1.5, late 0/1.3
                 round 2 per-second ms_p50:        [6.5, 20.4, 21.6, 21.7, 24.2, 23.7, 23, 24.3, 26.1, 22.9, 22.9, 23.5, 23.2, 23.2, 23.3, 23.3, 22.6, 22.9, 23, 23, 23.7, 23.1, 23, 22.8, 22.7, 22.6, 24.5, 25.2, 23.4, 22.3, 22.1, 22.5, 22.8, 22.3, 22.8, 22.4, 23.2, 22.6, 22.1, 22.5, 22.5, 21.9, 22, 22.1, 25.1, 27.2, 28.1, 30.6, 29.9, 25.8, 26.4, 28.6, 25.3, 26.1, 24.4, 24.7, 22.6, 24.4, 25.8, 32.4, 27.1]
                 round 2 per-second draws/frame:   [30.74, 75.98, 94.63, 95, 118.88, 122.93, 118, 118, 114.4, 114, 111.28, 111, 108.35, 108, 107.12, 107, 107, 107, 107, 107, 107, 107, 107, 107, 107, 107, 107, 107, 107, 107, 107, 107, 107, 107, 107, 107, 107, 107, 107, 107, 107, 107, 107, 107, 107, 109.06, 107, 107, 107.18, 110.89, 112.76, 113, 113, 113, 113, 113, 113, 112.2, 110.37, 109.73, 110.12]
                 round 2 per-second ms to first draw p50 (yield + input + simulation): [5.2, 5.6, 5.5, 5.5, 7.3, 7, 7.2, 7.2, 7.4, 6.9, 7.2, 7.1, 7, 7, 7, 7.3, 6.9, 7, 7, 7.1, 7.1, 7.1, 7.1, 7, 7, 6.9, 7.3, 7.4, 7, 6.9, 7.1, 6.9, 7.1, 6.9, 7, 6.8, 7, 7, 6.7, 6.9, 7, 6.8, 6.9, 6.9, 7.6, 12.1, 12.2, 13.4, 12.8, 7.7, 7.8, 8.1, 7.6, 7.6, 7.3, 7.6, 7, 7.5, 8.3, 14.8, 11.8]
                 round 2 per-second ms first draw to swap p50 (render submission):    [1.3, 14.7, 16.1, 15.9, 16.9, 16.5, 15.8, 16.9, 18.2, 16.1, 15.9, 16.1, 16, 16.3, 16.1, 15.9, 15.5, 15.7, 15.9, 16, 16.5, 15.8, 15.5, 15.8, 15.9, 15.7, 16.8, 17.8, 16.3, 15.5, 15.1, 15.8, 15.7, 15.4, 15.6, 15.7, 16, 15.5, 15.6, 15.5, 15.3, 15.2, 14.9, 15, 17.7, 16.6, 15.6, 17, 16.9, 17.9, 18.8, 20.3, 17.4, 18, 17.2, 17, 15.6, 16.7, 17.3, 17.2, 15.2]
                 round 2 per-second raw_ms_max (screenshot hitches stay visible here, excluded from every statistic): [20.7, 23.1, 24.3, 24, 41, 25.7, 27.1, 30.1, 29.6, 26.2, 26.2, 28.3, 25.5, 25.5, 26.4, 29.4, 26.5, 26.1, 27.1, 29.1, 27.1, 26.9, 26.2, 28.6, 32.9, 27.2, 27.5, 28.1, 27.8, 24.6, 30.8, 25.5, 26.3, 26, 25.9, 24.6, 40.9, 26.1, 24.5, 25.4, 25.4, 26, 25.6, 24.4, 33.6, 89.6, 51.2, 56.4, 42.2, 33.7, 42.2, 41.3, 30.7, 33.7, 35.3, 33.8, 32.4, 34.6, 57.9, 44.7, 34.4]
                 round 2 screenshots excluded: r2-06s at 6.07 s (192.2 ms), r2-30s at 30.28 s (171.4 ms), r2-50s at 50.47 s (193.3 ms)
                 round 3 measured 0.53 s -> 59.11 s (ends at human_death; human death at 59.11 s); pre-round overlay-only frames skipped: 75 at 11.05 draws/frame, 6.3 ms p50, split at 41 draws
                 round 3 frame split p50 (in swap / to first draw / first draw to swap) ms: early 0 / 5.7 / 15.2; late 0 / 7.3 / 16.7; in-swap p90/max early 0/1.2, late 0/1.3
                 round 3 per-second ms_p50:        [6.7, 20.4, 20.6, 20.6, 23.3, 23.2, 23.7, 21.9, 21.5, 21.4, 22.3, 23.8, 23.7, 23.9, 23.5, 24.4, 24.7, 25.3, 24.4, 24.7, 23.6, 23.6, 23.1, 23.5, 24, 24.2, 24.5, 23.8, 23.5, 24.4, 23, 24.1, 24.4, 23.8, 23.8, 23.2, 23.2, 24.4, 24.8, 24.4, 23.7, 24.8, 25.8, 25.6, 24.9, 30.8, 31.6, 32.4, 25.5, 22.4, 23.5, 24.5, 26.1, 24.6, 25.7, 22.9, 22.9, 24.5, 27.7, 29.6, 28.2]
                 round 3 per-second draws/frame:   [25.34, 70.98, 88.25, 89, 112.6, 116.74, 111, 111, 110.06, 110, 109.07, 109, 108.1, 108, 107.09, 107, 107, 107, 107, 107, 107, 107, 107, 107, 107, 107, 107, 107, 107, 107, 107, 107, 107, 107, 107, 107, 107, 107, 107, 107, 107, 107, 107, 107, 107, 109, 107, 109.13, 111.1, 114.24, 115, 115, 115, 115, 115, 115, 114.55, 111, 109.16, 111.71, 112]
                 round 3 per-second ms to first draw p50 (yield + input + simulation): [5.3, 5.5, 5.5, 5.2, 7, 7, 6.9, 6.7, 6.5, 6.7, 6.9, 7, 7.1, 6.8, 7.1, 7.4, 7.3, 7.6, 7.1, 7.4, 7.3, 7.1, 7.3, 7, 7.3, 7.4, 7.4, 7, 7.1, 7.3, 7.3, 7.2, 7.2, 7.2, 6.9, 6.8, 7, 7.1, 7.3, 7.2, 7.3, 7.3, 7.5, 7.5, 7.5, 13.1, 13.5, 14, 9.6, 7, 7, 7.2, 7.3, 7.3, 7.5, 7.1, 6.7, 7.2, 8.8, 13.2, 11.6]
                 round 3 per-second ms first draw to swap p50 (render submission):    [1.3, 14.5, 15.3, 15.2, 16.6, 16.1, 16.7, 15.3, 14.8, 14.8, 15.6, 16.4, 16.8, 16.9, 16.1, 16.6, 17.4, 17.7, 17, 17.4, 16.4, 16.2, 15.9, 16.1, 16.7, 16.6, 17, 16.6, 16.6, 17, 15.7, 16.4, 17, 16.2, 16.7, 16.5, 16.2, 17.2, 17.5, 17.1, 16.5, 17.3, 18.3, 18, 17.6, 18.3, 17.8, 18.4, 15.7, 15.5, 15.9, 17.2, 18.8, 17.3, 17.8, 16, 15.7, 16.9, 18.6, 15.4, 16.4]
                 round 3 per-second raw_ms_max (screenshot hitches stay visible here, excluded from every statistic): [22.1, 24.4, 25.1, 25, 26.3, 28.9, 29.8, 27.6, 23.5, 24, 26.1, 28.1, 28.1, 27.6, 28.2, 28.5, 28.3, 31.3, 27, 27.6, 26.8, 25.9, 31.1, 26.8, 27.1, 26.7, 26.3, 29.3, 25.6, 27.3, 28.6, 40.7, 28.5, 27.2, 25.9, 26.1, 25.7, 29.7, 29.2, 26.1, 26.4, 28.1, 29.7, 28.6, 27.2, 80.7, 56.6, 54.9, 33.2, 47.8, 30.9, 42.8, 30.6, 39.2, 32.5, 31.8, 30.9, 30.4, 61.1, 38.4, 46.3]
                 round 3 screenshots excluded: r3-06s at 6.1 s (169.3 ms), r3-30s at 30.28 s (180.2 ms), r3-50s at 50.47 s (172.8 ms)
                 round 1 (setup) pre-round overlay-only frames: 92 at 18.05 draws/frame -- the no-geometry scene the floor is calibrated from
                 VALID: 2 rounds at cpu 6x; late ms p50 24.7/24.4; late draws/frame 112.41/113.2 (floor 18.05); spans 0.53-59.11 s/0.53-59.11 s; late shots r2-50s / r3-50s; swaps finish 12056 / flush 0
walls150-r3     2  60.9    24.70   25.50     1.03        94.8      113.1        1.19   179.0            5   6 VALID  
walls150-r3     3  60.8    23.70   26.00     1.10        90.4      114.0        1.26   181.8           13   6 VALID  
                 swaps: finish 11539, flush 0 (which of glFinish/glFlush ended the 11539 sampled frames); human: web_user
                 round 2 measured 0.54 s -> 59.13 s (ends at human_death; human death at 59.13 s); pre-round overlay-only frames skipped: 69 at 15.2 draws/frame, 6.8 ms p50, split at 45 draws
                 round 2 frame split p50 (in swap / to first draw / first draw to swap) ms: early 0 / 6.2 / 18.4; late 0 / 7.6 / 17.7; in-swap p90/max early 0.1/1.2, late 0.1/1.3
                 round 2 per-second ms_p50:        [7.1, 23.2, 24.2, 23.9, 27.6, 28.2, 24, 23.9, 23.9, 25.8, 25.8, 25.5, 24.5, 24.5, 25.4, 24.5, 25.2, 25.4, 25.4, 24.9, 24.8, 25, 24.8, 25.6, 25.7, 25.3, 26.5, 25.5, 25, 25, 24.9, 24.5, 25.1, 25.3, 25.3, 25.8, 25.2, 25.2, 25.4, 25.3, 24.7, 25.1, 25.6, 25.5, 25, 29.6, 31.2, 31.4, 31, 25.3, 26.5, 25.6, 25.7, 25.5, 24.7, 25.2, 25.8, 25.9, 25.9, 35.9, 41.3]
                 round 2 per-second draws/frame:   [28.92, 74.98, 93.58, 94, 117.97, 121.4, 117, 117, 114.38, 114, 111.39, 111, 108.51, 108, 107.18, 107, 107, 107, 107, 107, 107, 107, 107, 107, 107, 107, 107, 107, 107, 107, 107, 107, 107, 107, 107, 107, 107, 107, 107, 107, 107, 107, 107, 107, 107, 109.06, 107, 107, 107.18, 111.87, 113, 113, 113, 113, 113, 113, 113, 111.95, 109.81, 212.27, 353.62]
                 round 2 per-second ms to first draw p50 (yield + input + simulation): [5.6, 5.9, 5.9, 5.9, 7.8, 7.9, 7.1, 7.2, 7.1, 7.5, 7.4, 7.6, 7.2, 7.2, 7.7, 7.2, 7.3, 7.5, 7.6, 7.5, 7.2, 7.6, 7.6, 7.6, 7.5, 7.3, 7.6, 7.7, 7.3, 7.3, 7.5, 7.3, 7.4, 7.3, 7.3, 7.5, 7.4, 7.6, 7.2, 7.4, 7.2, 7.6, 7.6, 7.3, 7.2, 12.5, 13.6, 13.7, 13.4, 8.1, 7.7, 7.5, 7.7, 7.5, 7.4, 7.5, 7.2, 7.6, 8.3, 14.6, 14.9]
                 round 2 per-second ms first draw to swap p50 (render submission):    [1.3, 17.4, 18.5, 18.3, 19.6, 20.3, 17.4, 16.6, 16.8, 18.4, 18.2, 17.9, 17.5, 17.3, 17.6, 17.2, 17.8, 17.9, 17.6, 17.5, 17.6, 17.4, 17.2, 18.2, 18, 17.9, 18.3, 17.6, 17.3, 17.1, 17.5, 17, 17.4, 17.7, 17.6, 18, 18.3, 17.7, 18.1, 17.8, 17.4, 17.4, 18, 17.9, 18.2, 17.5, 17.4, 17.9, 17.3, 17.2, 18.3, 17.9, 18.4, 17.8, 17.1, 17.4, 18.2, 18, 17.6, 20.7, 25.5]
                 round 2 per-second raw_ms_max (screenshot hitches stay visible here, excluded from every statistic): [24.3, 28.9, 29.3, 28.4, 30.9, 35.1, 43.9, 27.2, 30.2, 29.5, 27.6, 28, 27.2, 27, 28.3, 28, 29.7, 28.6, 32.8, 30.1, 28, 29.9, 33, 33.8, 29.1, 28.1, 30.5, 27.7, 26.9, 27.7, 30.6, 26.6, 28.1, 30.1, 28.1, 30.4, 28.3, 30.1, 29.4, 46.6, 27, 27.4, 27.8, 29.1, 28.9, 91.7, 61.2, 48.4, 37.3, 32.1, 43.1, 34.5, 34.9, 33.8, 32.7, 35.8, 33.1, 32.4, 81.2, 67.1, 64.4]
                 round 2 screenshots excluded: r2-06s at 6.09 s (169.2 ms), r2-30s at 30.28 s (157.5 ms), r2-50s at 50.46 s (182.8 ms)
                 round 3 measured 0.53 s -> 59.11 s (ends at human_death; human death at 59.11 s); pre-round overlay-only frames skipped: 72 at 11.07 draws/frame, 6.6 ms p50, split at 41 draws
                 round 3 frame split p50 (in swap / to first draw / first draw to swap) ms: early 0 / 6.1 / 17.5; late 0 / 7.8 / 18; in-swap p90/max early 0.1/1.5, late 0.1/1.4
                 round 3 per-second ms_p50:        [6.8, 22.4, 25.1, 23.6, 24.8, 27.1, 26.6, 24.1, 23.3, 23.4, 25.7, 26.3, 25.8, 26.7, 25.4, 25.8, 24.5, 26.5, 25.1, 24.8, 24.3, 25, 24.1, 24.5, 23.4, 24.7, 24.4, 23.7, 23.3, 23.4, 23.9, 24.3, 24.1, 24.7, 26.1, 25.9, 26.4, 26.3, 26.2, 26, 24.7, 25.4, 25.5, 25.4, 24.8, 30.5, 37.2, 42, 41.2, 37.4, 35.1, 29.1, 27.2, 26, 25.8, 25.9, 26.4, 25.4, 26.3, 35.4, 37.1]
                 round 3 per-second draws/frame:   [24.86, 70.96, 88.56, 89, 112.83, 116.59, 111, 111, 110.05, 110, 109.05, 109, 108.05, 108, 107.05, 107, 107, 107, 107, 107, 107, 107, 107, 107, 107, 107, 107, 107, 107, 107, 107, 107, 107, 107, 107, 107, 107, 107, 107, 107, 107, 107, 107, 107, 107, 122, 217, 315, 385.25, 394.28, 309.4, 197.24, 132.94, 115, 115, 115, 114.89, 110.33, 112, 187.63, 282.76]
                 round 3 per-second ms to first draw p50 (yield + input + simulation): [5.3, 5.8, 5.9, 5.6, 7.3, 7.5, 7.4, 7.4, 7, 7.2, 7.4, 7.5, 7.6, 7.6, 7.4, 7.7, 7.4, 7.8, 7.4, 7.5, 7.2, 7.5, 7.4, 7.4, 7.1, 7.3, 7.4, 7.1, 7.1, 7.2, 7.1, 7.3, 7.4, 7.4, 7.7, 7.6, 7.4, 7.6, 7.7, 7.5, 7.3, 7.4, 7.5, 7.4, 7.4, 12.9, 14.6, 16, 14.5, 9.9, 9.2, 8.3, 8, 7.4, 7.7, 7.5, 7.7, 7.8, 8.4, 14.5, 14.4]
                 round 3 per-second ms first draw to swap p50 (render submission):    [1.4, 16.5, 18.9, 17.7, 17.5, 19.3, 18.8, 16.6, 16.5, 16.4, 18.4, 18.5, 18.1, 19.1, 18.1, 18.1, 17.2, 18.8, 17.7, 17.1, 16.9, 17.1, 16.8, 17.3, 16.4, 17.2, 17.1, 16.6, 15.9, 16.4, 16.9, 16.6, 16.9, 17.1, 18.4, 18, 19.1, 18.6, 18.4, 18.6, 17.4, 18, 18.1, 17.9, 17.3, 18.4, 21.5, 25.8, 26.4, 26.6, 24.9, 20.7, 19.5, 18.5, 18.2, 18, 18.5, 17.7, 17.7, 20.3, 21.6]
                 round 3 per-second raw_ms_max (screenshot hitches stay visible here, excluded from every statistic): [23.4, 26.8, 30.2, 26.8, 30.4, 29.8, 30.3, 27.7, 40.1, 32.5, 30.4, 31, 29, 30.9, 28, 27.8, 31.1, 31.6, 28.2, 26.2, 27.8, 32.9, 28.2, 28.2, 28.2, 27, 27.1, 26.8, 28.4, 25.7, 28.1, 27.9, 28.1, 27.7, 28.9, 29.1, 31, 28.4, 44.6, 32.3, 27.6, 29.6, 29.2, 28.3, 27.9, 81.2, 59.3, 64.5, 52.4, 67.1, 37.6, 41.3, 40.4, 36, 33.7, 30.3, 33.4, 32.2, 69.8, 48.3, 55.1]
                 round 3 screenshots excluded: r3-06s at 6.1 s (148.5 ms), r3-30s at 30.26 s (178.3 ms), r3-50s at 50.45 s (195.3 ms)
                 round 1 (setup) pre-round overlay-only frames: 93 at 19.05 draws/frame -- the no-geometry scene the floor is calibrated from
                 VALID: 2 rounds at cpu 6x; late ms p50 25.5/26; late draws/frame 113.09/113.99 (floor 18.05); spans 0.54-59.13 s/0.53-59.11 s; late shots r2-50s / r3-50s; swaps finish 11539 / flush 0
walls400-r1     2  60.8    21.70   25.10     1.16        96.1      114.2        1.19   179.3            7   6 VALID  
walls400-r1     3  60.8    21.50   25.00     1.16        90.4      113.5        1.26   181.9            3   6 VALID  
                 swaps: finish 12001, flush 0 (which of glFinish/glFlush ended the 12001 sampled frames); human: web_user
                 round 2 measured 0.53 s -> 59.12 s (ends at human_death; human death at 59.12 s); pre-round overlay-only frames skipped: 76 at 16.18 draws/frame, 6.2 ms p50, split at 46 draws
                 round 2 frame split p50 (in swap / to first draw / first draw to swap) ms: early 0 / 5.7 / 15.7; late 0 / 8.1 / 16; in-swap p90/max early 0.1/1.5, late 0.1/1.3
                 round 2 per-second ms_p50:        [6.7, 20.3, 21.3, 22, 23.2, 23.8, 27.2, 25.7, 25.5, 26.1, 25.1, 24.8, 24.5, 25, 25.6, 25.6, 25.5, 25.4, 23.8, 23.3, 23.9, 25.1, 24.1, 25, 23.2, 22.9, 23.1, 23.6, 25.4, 23.5, 22.9, 23, 23.4, 23.6, 24, 23.4, 23.3, 23.6, 23, 23.4, 23.2, 23.3, 23.2, 22.7, 23.1, 27.8, 28.6, 28.1, 27.2, 27, 27.4, 26.7, 26.5, 27.3, 28.4, 26.9, 22.3, 22.8, 26.1, 29.5, 29.9]
                 round 2 per-second draws/frame:   [30.74, 75.98, 94.23, 95, 118.65, 123.05, 118, 118, 114.51, 114, 111.38, 111, 108.44, 108, 107.15, 107, 107, 107, 107, 107, 107, 107, 107, 107, 107, 107, 107, 107, 107, 107, 107, 107, 107, 107, 107, 107, 107, 107, 107, 107, 107, 107, 107, 107, 107, 109.29, 107, 109.17, 111, 111, 111, 111, 111, 111, 111, 111.22, 114.4, 115, 117.66, 117.97, 118.46]
                 round 2 per-second ms to first draw p50 (yield + input + simulation): [5, 5.4, 5.4, 5.4, 7, 7, 7.9, 7.5, 7.3, 7.5, 7.3, 7.4, 7.2, 7.3, 7.7, 7.6, 7.6, 7.6, 7.2, 7, 7.3, 7.3, 7.2, 7.2, 7, 7.1, 6.9, 7.2, 7.6, 7, 7.1, 6.8, 7.3, 7.2, 7.3, 7.1, 7.1, 7.2, 7, 7.1, 7, 7.1, 7.1, 7.1, 7.1, 11.3, 12.5, 11.9, 10.4, 10.5, 10.4, 10.4, 10.4, 10.8, 10.9, 10.2, 7.1, 7.1, 8.5, 12.7, 13.1]
                 round 2 per-second ms first draw to swap p50 (render submission):    [1.4, 14.8, 15.8, 16.1, 16.2, 16.7, 19.6, 18.1, 17.9, 18.7, 18.2, 17, 17.2, 17.8, 18.1, 17.5, 17.8, 17.8, 16.7, 16.6, 16.3, 17.5, 17.2, 17.6, 16.3, 15.7, 16.2, 16.4, 17.8, 16.1, 15.9, 16.2, 16.1, 16.2, 16.5, 16, 16, 16.1, 15.9, 16.3, 16.2, 16.1, 16.1, 15.7, 15.9, 16.2, 16.2, 16, 16.7, 16.4, 16.5, 16.2, 16.1, 16.8, 16.8, 15.9, 15.3, 15.6, 17.1, 16.2, 17.1]
                 round 2 per-second raw_ms_max (screenshot hitches stay visible here, excluded from every statistic): [21.6, 23.7, 23.5, 25.7, 26.7, 37.3, 34.5, 29.2, 30, 29.2, 31.9, 27.7, 27.8, 28.6, 27.8, 28.7, 28.6, 28, 28.1, 26.3, 27.8, 39.1, 28.4, 29.2, 26.2, 25.6, 25.8, 26.4, 29.3, 28.3, 28.4, 26.1, 27.1, 27.4, 26.5, 27.4, 27.4, 25.8, 36.9, 25.9, 25.6, 26.6, 26.5, 25, 25.5, 73, 55.2, 60.1, 39.9, 58.6, 33.3, 52.1, 36.9, 45, 40.1, 41.6, 37.2, 33.8, 54.8, 43.7, 46]
                 round 2 screenshots excluded: r2-06s at 6.03 s (172.4 ms), r2-30s at 30.22 s (178.6 ms), r2-50s at 50.41 s (185 ms)
                 round 3 measured 0.53 s -> 59.1 s (ends at human_death; human death at 59.1 s); pre-round overlay-only frames skipped: 74 at 11.05 draws/frame, 6.6 ms p50, split at 41 draws
                 round 3 frame split p50 (in swap / to first draw / first draw to swap) ms: early 0 / 5.7 / 15.7; late 0 / 8.4 / 16.1; in-swap p90/max early 0/1.3, late 0.1/1.3
                 round 3 per-second ms_p50:        [7.1, 20.5, 21.5, 20.4, 24.1, 24.2, 22.1, 21.8, 21.5, 21.7, 21.9, 21.8, 23.8, 24, 22.9, 21.8, 21.6, 22.1, 21.4, 21.2, 21.7, 20.5, 21.2, 21.5, 21, 20.8, 23.7, 22.6, 22.5, 21.3, 22.1, 21.7, 21.3, 21.8, 21.5, 21.4, 21.5, 21.7, 23.7, 22.8, 24.5, 23.6, 22.5, 23.1, 22.8, 26.6, 27.1, 27.2, 27.5, 28.9, 26.4, 27.4, 26.6, 25.7, 26, 25.6, 23.8, 23.7, 26.8, 30, 30.8]
                 round 3 per-second draws/frame:   [25.03, 70.96, 88.23, 89, 112.26, 116.77, 111, 111, 110.09, 110, 109.11, 109, 108.1, 108, 107.12, 107, 107, 107, 107, 107, 107, 107, 107, 107, 107, 107, 107, 107, 107, 107, 107, 107, 107, 107, 107, 107, 107, 107, 107, 107, 107, 107, 107, 107, 107, 109.32, 108.11, 109, 109, 109, 109.71, 111, 111, 111, 111, 111, 112.17, 114.41, 118.11, 117.94, 118.57]
                 round 3 per-second ms to first draw p50 (yield + input + simulation): [5.4, 5.4, 5.4, 5.4, 6.9, 7.1, 6.8, 6.7, 6.7, 6.8, 6.6, 6.7, 6.9, 6.9, 7, 6.8, 6.7, 6.7, 6.7, 6.7, 6.7, 6.5, 6.7, 6.7, 6.4, 6.4, 7.2, 6.8, 6.7, 6.5, 6.8, 6.8, 6.9, 7.1, 6.6, 6.7, 6.7, 6.7, 7.1, 6.9, 7.3, 7.1, 7.2, 7.3, 7.2, 11.2, 11.5, 11.3, 11.5, 11.9, 10.5, 10.1, 10.4, 10.1, 10, 9.8, 7.3, 7.5, 8.4, 12.7, 13.5]
                 round 3 per-second ms first draw to swap p50 (render submission):    [1.4, 14.9, 16, 15.4, 16.9, 16.8, 15.4, 14.9, 14.8, 14.9, 15.2, 15.1, 16.5, 16.8, 16.2, 15.2, 14.8, 15.5, 14.9, 14.6, 14.6, 13.9, 14.4, 14.7, 14.5, 14.4, 16.3, 15.8, 15.6, 14.9, 15.3, 14.9, 14.3, 14.9, 14.7, 14.7, 14.7, 14.7, 16.6, 15.6, 16.6, 16.3, 15.4, 15.8, 15.9, 15.8, 15.5, 15.4, 16.3, 16.4, 15.8, 17, 16.6, 15.8, 15.8, 15.8, 16, 16.2, 17, 16.3, 17.6]
                 round 3 per-second raw_ms_max (screenshot hitches stay visible here, excluded from every statistic): [22.8, 25.6, 25.3, 25.7, 27.1, 39.3, 25.9, 23.5, 26.3, 25.6, 25.4, 26.2, 26.1, 28.1, 28, 26.5, 24.3, 25.6, 25.9, 24.6, 32.7, 25.6, 27.8, 27.3, 23.6, 23.6, 27.3, 26.1, 27.9, 24, 26.2, 26.3, 28.2, 36.5, 25.3, 24.5, 26.9, 24, 27.8, 27.5, 27.7, 27.3, 25.9, 26.6, 26.8, 41.6, 39.8, 40.4, 40.5, 52.1, 34.7, 37.7, 47.4, 38.3, 34.6, 41.5, 30.4, 37, 56.2, 39.6, 50.9]
                 round 3 screenshots excluded: r3-06s at 6.06 s (156.1 ms), r3-30s at 30.22 s (158.8 ms), r3-50s at 50.4 s (203.8 ms)
                 round 1 (setup) pre-round overlay-only frames: 93 at 18.05 draws/frame -- the no-geometry scene the floor is calibrated from
                 VALID: 2 rounds at cpu 6x; late ms p50 25.1/25; late draws/frame 114.21/113.52 (floor 18.05); spans 0.53-59.12 s/0.53-59.1 s; late shots r2-50s / r3-50s; swaps finish 12001 / flush 0
walls400-r2     2  60.9    22.00   30.60     1.39        95.0      252.7        2.66   234.0            7   6 VALID  
walls400-r2     3  60.9    23.10   26.90     1.16        90.1      114.2        1.27   182.0            5   6 VALID  
                 swaps: finish 11750, flush 0 (which of glFinish/glFlush ended the 11750 sampled frames); human: web_user
                 round 2 measured 0.53 s -> 59.11 s (ends at human_death; human death at 59.11 s); pre-round overlay-only frames skipped: 73 at 15.19 draws/frame, 6.4 ms p50, split at 45 draws
                 round 2 frame split p50 (in swap / to first draw / first draw to swap) ms: early 0 / 5.8 / 16.1; late 0 / 9.8 / 20.7; in-swap p90/max early 0.1/1.3, late 0/1
                 round 2 per-second ms_p50:        [6.7, 20.8, 21.8, 22.1, 25.4, 23.7, 23.5, 25.1, 24.9, 24.6, 25.1, 23.5, 24.3, 26, 25.3, 23.3, 22, 22.4, 22.7, 22.7, 22.5, 22.4, 22.8, 22.3, 22.5, 22.4, 22.9, 22, 22.2, 22, 22.1, 22.5, 22.4, 22.9, 22.5, 22.4, 22.5, 22.8, 22.4, 23.2, 22.3, 22.8, 23.1, 22.5, 22, 28.3, 31.1, 32.5, 34.7, 35.1, 38.7, 34.6, 34.2, 35, 37.1, 34.9, 29.4, 29.6, 27.3, 27.8, 26]
                 round 2 per-second draws/frame:   [29.28, 74.98, 93.63, 94, 118.1, 121.95, 117, 117, 114.3, 114, 111.38, 111, 108.43, 108, 107.15, 107, 107, 107, 107, 107, 107, 107, 107, 107, 107, 107, 107, 107, 107, 107, 107, 107, 107, 107, 107, 107, 107, 107, 107, 107, 107, 107, 107, 107, 107, 117.91, 174.1, 235.07, 294.86, 342.62, 340.33, 332.79, 333, 332.71, 334.62, 321.48, 270.81, 217.91, 167.74, 124.33, 119.53]
                 round 2 per-second ms to first draw p50 (yield + input + simulation): [5.2, 5.6, 5.4, 5.6, 7.3, 7.2, 7.2, 7.5, 7.6, 7.5, 7.5, 7, 7.6, 7.4, 7.4, 7.2, 6.8, 7.3, 7.2, 7.1, 7, 6.9, 7.1, 6.9, 7.1, 7.1, 7, 6.8, 6.8, 7, 7.3, 7, 7, 7.1, 6.9, 6.8, 6.9, 7.1, 6.9, 7.1, 7.2, 7.1, 7.3, 7, 6.7, 11.7, 13.1, 12.4, 12.2, 12.3, 14.1, 12.2, 12.1, 12.4, 13, 11.9, 9.1, 9, 8.8, 11.7, 10.8]
                 round 2 per-second ms first draw to swap p50 (render submission):    [1.4, 15.3, 16, 16.6, 17.7, 16.6, 16.4, 17.7, 17.5, 17, 17.4, 16.6, 16.6, 18.3, 17.6, 15.9, 15.2, 15.3, 15.6, 15.6, 15.7, 15.6, 15.4, 15.6, 15.5, 15, 15.6, 15.2, 15.5, 15.3, 15.5, 15.3, 15.3, 15.9, 15.5, 15.6, 15.4, 15.7, 15.4, 16.1, 15.1, 15.4, 15.9, 15.5, 15.3, 16.3, 18.1, 19.8, 21.8, 22.5, 24.2, 21.7, 22.1, 21.5, 23.8, 22.3, 20.3, 20.2, 17.1, 15.9, 14.6]
                 round 2 per-second raw_ms_max (screenshot hitches stay visible here, excluded from every statistic): [22.9, 26.7, 25.2, 26.4, 29.9, 40.6, 29.5, 29.2, 28.3, 27.8, 31.4, 26.8, 26.9, 32.2, 33, 27, 24.8, 24.7, 27.9, 24.8, 24.7, 24.6, 36, 25.8, 25.6, 24.6, 26, 25.7, 24.4, 27.3, 24.6, 27.2, 25.1, 26.9, 25, 25.4, 37.3, 24.8, 25.4, 25, 28.4, 25.8, 26.7, 26.5, 24.9, 53.8, 47.9, 54.5, 43, 53.7, 46.9, 50.9, 43.9, 44.6, 49.5, 45.6, 43.5, 43.7, 51.9, 47.4, 43.7]
                 round 2 screenshots excluded: r2-06s at 6.04 s (186.6 ms), r2-30s at 30.22 s (184.6 ms), r2-50s at 50.43 s (214.7 ms)
                 round 3 measured 0.53 s -> 59.13 s (ends at human_death; human death at 59.13 s); pre-round overlay-only frames skipped: 70 at 11.07 draws/frame, 6.8 ms p50, split at 41 draws
                 round 3 frame split p50 (in swap / to first draw / first draw to swap) ms: early 0 / 6 / 17.2; late 0 / 8.6 / 17.9; in-swap p90/max early 0.1/1.3, late 0/1.2
                 round 3 per-second ms_p50:        [7.3, 22.2, 22.8, 23.4, 27, 25.1, 26.4, 26.8, 26.5, 26.9, 24.6, 25.1, 24.6, 25.2, 24.3, 24.7, 24.3, 24.6, 24, 24.2, 24.5, 23.7, 24.6, 24.9, 24.6, 24.5, 24.7, 24.3, 23.6, 25.9, 25.1, 25.6, 25, 24.7, 25.2, 24.6, 24.9, 24.7, 26.5, 25, 24.9, 25.2, 25, 24.6, 25.6, 27.9, 31.2, 31, 29.9, 30, 30.4, 27.2, 28, 29.4, 29.4, 28.4, 25.4, 25.8, 26.3, 28.6, 28.9]
                 round 3 per-second draws/frame:   [25.65, 70.98, 88.18, 89, 112.47, 116.78, 111, 111, 110.08, 110, 109.07, 109, 108.07, 108, 107.1, 107, 107, 107, 107, 107, 107, 107, 107, 107, 107, 107, 107, 107, 107, 107, 107, 107, 107, 107, 107, 107, 107, 107, 107, 107, 107, 107, 107, 107, 107, 109.47, 108.1, 110.03, 111, 111, 111, 111, 111, 111, 111, 111.12, 114.63, 115.16, 117.35, 118.85, 119.41]
                 round 3 per-second ms to first draw p50 (yield + input + simulation): [5.5, 5.8, 5.6, 5.7, 7.5, 7.5, 7.7, 7.7, 7.8, 8, 7.3, 7.5, 7.3, 7.7, 7.4, 7.3, 7.2, 7.2, 7.4, 7.4, 7.1, 7.3, 7.4, 7.2, 7.4, 7.3, 7.4, 7.4, 7.2, 7.2, 7.4, 7.6, 7.6, 7.3, 7.6, 7.1, 7.1, 7.5, 7.8, 7.2, 7.3, 7.3, 7.4, 7.5, 7.5, 11.9, 13.3, 12.5, 11.4, 11.4, 11.6, 10.7, 10.5, 10.9, 11.5, 10.7, 7.6, 7.6, 8.5, 12.2, 12]
                 round 3 per-second ms first draw to swap p50 (render submission):    [1.6, 16.2, 17.2, 17.5, 19, 17.9, 18.8, 19, 18.3, 18.8, 17.3, 17.5, 17.2, 17.7, 17.1, 17.6, 17, 17.5, 17, 16.8, 17.2, 16.6, 17.2, 17.2, 17, 17.2, 17, 16.9, 16.5, 18.3, 17, 17.9, 17.6, 17, 17.7, 17.1, 17.6, 16.9, 18.6, 17.7, 17.6, 17.9, 17.6, 17.2, 17.7, 16.8, 18.1, 17.9, 18.1, 18.4, 18.6, 16.3, 17.4, 18.3, 17.7, 18.3, 17.8, 18, 17.8, 16.1, 16.4]
                 round 3 per-second raw_ms_max (screenshot hitches stay visible here, excluded from every statistic): [23.3, 26.1, 25.9, 27.6, 30.6, 45.7, 46.4, 33.7, 28.6, 31.3, 28.1, 34.1, 30.1, 28, 29.1, 27.2, 26.6, 28.5, 28.8, 28.4, 28.5, 31.9, 28.4, 28.8, 26.3, 29.5, 28.6, 28.1, 28.1, 29, 28.2, 29, 27.5, 28.2, 28.8, 43.4, 28.1, 28.1, 30.6, 26.7, 27.2, 28.8, 28.1, 27, 28.8, 62, 50.1, 59.1, 36.7, 48.8, 39.1, 40.7, 38.2, 43, 37.4, 41.2, 38, 40.3, 58.1, 45.9, 42.5]
                 round 3 screenshots excluded: r3-06s at 6.08 s (186.2 ms), r3-30s at 30.29 s (171 ms), r3-50s at 50.46 s (212.5 ms)
                 round 1 (setup) pre-round overlay-only frames: 94 at 19.05 draws/frame -- the no-geometry scene the floor is calibrated from
                 VALID: 2 rounds at cpu 6x; late ms p50 30.6/26.9; late draws/frame 252.7/114.23 (floor 18.05); spans 0.53-59.11 s/0.53-59.13 s; late shots r2-50s / r3-50s; swaps finish 11750 / flush 0
walls400-r3     2  60.8    21.50   24.70     1.15        95.7      113.3        1.18   179.2            2   6 VALID  
walls400-r3     3  60.9    20.50   32.10     1.57        89.8      255.8        2.85   238.0           10   6 VALID  
                 swaps: finish 11891, flush 0 (which of glFinish/glFlush ended the 11891 sampled frames); human: web_user
                 round 2 measured 0.53 s -> 59.07 s (ends at human_death; human death at 59.07 s); pre-round overlay-only frames skipped: 76 at 15.18 draws/frame, 6.4 ms p50, split at 45 draws
                 round 2 frame split p50 (in swap / to first draw / first draw to swap) ms: early 0 / 5.7 / 15.4; late 0 / 8.2 / 15.7; in-swap p90/max early 0/1.2, late 0/1.4
                 round 2 per-second ms_p50:        [6.8, 20.9, 22.2, 20.2, 22.4, 22, 21.5, 23.6, 24.2, 23.9, 23, 24.2, 23, 23.4, 22.8, 25.2, 22.9, 21.8, 21.8, 23.8, 22.5, 21.8, 21.9, 23.6, 23.2, 23.2, 22.4, 23.7, 22.3, 21.5, 21.8, 22.2, 23.1, 21.4, 22.3, 22.2, 23.2, 24.9, 21.7, 22.9, 23.5, 22.6, 21.5, 23.2, 23.3, 27.2, 28, 29.2, 28.4, 26.6, 24.8, 24.3, 25.1, 27.4, 26.5, 24.2, 21.5, 24.9, 26.7, 30.7, 28.1]
                 round 2 per-second draws/frame:   [29.3, 74.96, 93.62, 94, 117.62, 121.73, 117, 117, 114.3, 114, 111.28, 111, 108.29, 108, 107.11, 107, 107, 107, 107, 107, 107, 107, 107, 107, 107, 107, 107, 107, 107, 107, 107, 107, 107, 107, 107, 107, 107, 107, 107, 107, 107, 107, 107, 107, 107, 109.06, 108.09, 109.24, 110.88, 111, 111, 111, 111, 111, 111, 111, 112.61, 114.44, 117.66, 118.06, 119.79]
                 round 2 per-second ms to first draw p50 (yield + input + simulation): [5.2, 5.6, 5.4, 5.2, 6.8, 6.6, 6.9, 6.9, 7.3, 7.1, 7, 7, 6.9, 7.2, 6.8, 7.5, 7.1, 6.7, 6.8, 7.2, 7, 6.9, 6.9, 7.3, 6.9, 7.2, 6.9, 7.1, 7, 6.6, 7, 6.9, 7.1, 6.8, 6.7, 6.8, 6.9, 7.3, 6.8, 7.1, 7, 6.7, 6.6, 7, 7.2, 11.6, 11.8, 11.6, 10.8, 10.4, 9.7, 9.4, 9.5, 10.8, 10.3, 9.2, 6.7, 7.6, 8.2, 12.5, 12.2]
                 round 2 per-second ms first draw to swap p50 (render submission):    [1.2, 14.8, 16.9, 15, 15.3, 15.5, 14.8, 16.6, 17.1, 16.8, 15.9, 17.3, 15.9, 16.1, 15.8, 17.5, 15.7, 14.8, 15.2, 16.5, 15.4, 14.8, 15.3, 16.3, 16.3, 16.2, 15.6, 16.8, 15.6, 14.7, 14.7, 15.1, 15.8, 14.9, 15.4, 15.3, 16.4, 16.9, 14.9, 15.8, 16.4, 15.4, 14.7, 16, 16, 15.5, 16.2, 16.5, 17.6, 15.5, 15.2, 14.8, 15.2, 16.7, 16.2, 14.8, 14.7, 16.9, 17.8, 16.8, 15.7]
                 round 2 per-second raw_ms_max (screenshot hitches stay visible here, excluded from every statistic): [22.7, 25.4, 27.2, 25.2, 26.1, 25, 42, 28.1, 35.1, 27.7, 26, 27.7, 29.9, 27.3, 26.5, 30.9, 25.9, 25.1, 25.9, 28.3, 26, 23.4, 26.2, 36.5, 28.8, 27.9, 26.8, 29.1, 26.3, 23.4, 25.6, 24.5, 27.3, 23.6, 29, 25.2, 26.7, 35.8, 24.8, 25, 26.5, 27.5, 23.3, 26, 27.2, 66.1, 72.6, 41.1, 38.3, 40.9, 34.5, 34.3, 34.1, 41.8, 39.9, 37.6, 30.4, 40.7, 46.3, 46.2, 47.3]
                 round 2 screenshots excluded: r2-06s at 6.1 s (163 ms), r2-30s at 30.27 s (184.2 ms), r2-50s at 50.47 s (191.8 ms)
                 round 3 measured 0.53 s -> 59.11 s (ends at human_death; human death at 59.11 s); pre-round overlay-only frames skipped: 74 at 11.07 draws/frame, 6.5 ms p50, split at 41 draws
                 round 3 frame split p50 (in swap / to first draw / first draw to swap) ms: early 0 / 5.6 / 15.1; late 0 / 10 / 21.1; in-swap p90/max early 0/1.2, late 0/1.2
                 round 3 per-second ms_p50:        [6.8, 18.7, 20.4, 20.9, 24.6, 22.6, 22.4, 22.8, 21.6, 21.7, 22.6, 24.2, 25.3, 22.8, 23.7, 22.4, 22.1, 21.8, 22.5, 23, 24.2, 22.4, 21.5, 21.6, 22.3, 24, 23.2, 22.3, 25.9, 24.1, 21.8, 23.3, 22.1, 22.8, 23, 23.1, 23.3, 21.9, 21.8, 21.9, 22.2, 24, 24.6, 23, 22.2, 29.8, 32.5, 34.8, 34, 36, 36, 36.5, 33.8, 35.8, 34.5, 34.5, 30.9, 28.9, 30.3, 35, 36.4]
                 round 3 per-second draws/frame:   [25.5, 70.96, 88.63, 89, 112.83, 116.76, 111, 111, 110.07, 110, 109.09, 109, 108.1, 108, 107.12, 107, 107, 107, 107, 107, 107, 107, 107, 107, 107, 107, 107, 107, 107, 107, 107, 107, 107, 107, 107, 107, 107, 107, 107, 107, 107, 107, 107, 107, 107, 116.61, 168, 227.14, 286.86, 335.81, 337.67, 330.26, 329.79, 328.63, 329.43, 321.59, 269.81, 215.36, 168.07, 178.25, 229.04]
                 round 3 per-second ms to first draw p50 (yield + input + simulation): [5.2, 5, 5.3, 5.3, 7.1, 6.9, 6.9, 7, 6.7, 6.6, 7.1, 7.4, 7.1, 7, 7.2, 6.9, 6.8, 6.9, 6.9, 7, 7.3, 6.8, 6.7, 6.8, 6.8, 7.3, 7, 6.8, 7.3, 7.1, 6.7, 7, 6.8, 7, 7, 7.2, 7.2, 6.9, 6.9, 6.8, 6.9, 7.3, 7.2, 7, 6.8, 12.6, 13.3, 14.3, 13, 12.9, 13.9, 13.1, 12.8, 13.8, 12.4, 12, 8.8, 8.6, 9.5, 14, 12.8]
                 round 3 per-second ms first draw to swap p50 (render submission):    [1.4, 13.5, 15.1, 15.5, 17, 15.9, 15.4, 15.7, 15, 15.3, 15.4, 16.9, 17.8, 15.8, 16.1, 15.4, 15.1, 14.9, 15.8, 15.9, 16.8, 15.6, 14.7, 14.8, 15.4, 16.8, 16.1, 15.5, 18.6, 16.7, 14.8, 16.2, 15.2, 15.8, 16, 16, 15.7, 14.8, 15.2, 14.9, 15.1, 16.8, 17.2, 15.5, 15.1, 17.4, 18.2, 20, 20.6, 21.6, 22.5, 22.1, 21.3, 22, 21.9, 22.5, 21.7, 19.8, 20.2, 19.9, 22.4]
                 round 3 per-second raw_ms_max (screenshot hitches stay visible here, excluded from every statistic): [22.1, 21.6, 22.9, 24.1, 40.2, 27.9, 27.5, 26.9, 23.4, 25.5, 29.4, 29.9, 27.9, 26.2, 28.5, 26.7, 25.4, 25.2, 27, 28.2, 28, 27.3, 26.5, 23.7, 26.3, 27.8, 27, 26.8, 30.1, 29, 28.9, 27.7, 47.2, 26.2, 29.1, 27.7, 28.2, 26.2, 26.9, 26.5, 25, 30.3, 29.1, 28.5, 27.1, 96.4, 50.5, 58.1, 51.7, 57.7, 48.5, 48.4, 51.8, 54, 47.6, 47.4, 44.1, 38.8, 76.9, 51.6, 50.3]
                 round 3 screenshots excluded: r3-06s at 6.04 s (177.5 ms), r3-30s at 30.23 s (178.6 ms), r3-50s at 50.42 s (228.5 ms)
                 round 1 (setup) pre-round overlay-only frames: 95 at 19.05 draws/frame -- the no-geometry scene the floor is calibrated from
                 VALID: 2 rounds at cpu 6x; late ms p50 24.7/32.1; late draws/frame 113.35/255.77 (floor 18.05); spans 0.53-59.07 s/0.53-59.11 s; late shots r2-50s / r3-50s; swaps finish 11891 / flush 0
